1.2764313200
0.3748905660
1.3859108700
2.4464926700
-1.3778942800
0.6159617900
1.2873258600
-0.6196064950
1.3855503800
0.1121539100
-0.1417223810
-0.6384435890
-0.3904212710
0.3575790520
1.1695467200
0.1149216590
-0.1396699990
0.1150419940
0.3793146310
-0.3932799990
0.9049785140
-0.6552624700
-0.3898086850
0.3824403290
0.3685430290
-1.4218696400
-1.3221921900
-0.9017415050
-0.3793947100
-0.1340169460
-0.1348090920
-0.6628309490
0.5167022350
0.2307540770
1.4505908500
-0.3282231390
-0.3227154610
0.2333420810
1.5550051900
0.5036380290
0.2289484890
-0.5931020980
-0.0570718907
1.4198641800
0.2302725910
1.3507400800
0.5031048060
2.0452961900
-0.3422935310
0.5039046410
-0.0491811708
-0.6042446490
0.2250965680
1.0265142900
-0.3251250680
-0.3498665990
1.9752138900
-0.0481980667
-1.1392278700
1.3281689900
0.8063154220
-1.1593858000
-1.2650620900
-2.2935843500
-1.0249230900
0.1987531190
-0.9105666280
0.4084661300
0.3869234320
1.0093828400
-0.0049339789
0.7865704890
0.1991704550
-0.4081182180
-0.4057391290
0.5938425660
0.1964578030
0.3928371070
1.0588415900
-0.2028432790
0.6002040510
-0.4200135470
0.4386153220
-0.6033196450
-1.2382732600
0.6151534910
-0.2103377580
-1.0174067000
0.9663059710
-0.0048476849
0.4017076190
1.0580438400
-1.8043394100
0.4038196500
0.6149944660
-0.6320799590
-1.5923539400
-0.7334399220
-2.0501050900
1.1454054100
0.8201268910
-0.4815137980
0.0476105213
1.7001465600
0.8921073080
0.5663385390
-0.2130320070
-1.8348341000
-1.0575431600
0.0467050932
-0.2338310630
-0.2148344960
0.3220852910
-1.5127863900
-0.4949135180
-0.2098776400
-0.4656094310
-0.2054840620
-2.3749291900
0.3027748470
1.4044421900
1.3605198900
0.5882943270
-1.2779729400
0.5806248780
0.0470572039
-1.7624929000
-2.4338619700
1.3645962500
-1.0609649400
1.0050604300
1.1386749700
-0.1946028920
-0.1803408860
-2.2007355700
-0.8040505050
-0.1806676690
0.7161413430
-1.0541747800
2.0037891900
0.4199663700
0.1181822200
-1.0824672000
0.7059053780
-0.1882305000
1.0114996400
0.1267749670
-1.0960475200
0.4300500150
1.2965747100
2.1908326100
-0.1879970880
0.4420173760
0.4270581600
-0.1809944660
-0.4831593040
-1.3244377400
-2.2433600400
0.7237235900
-0.1778666230
-0.3336210550
0.6884225610
-0.3288014830
0.3293807510
-0.0024427574
-0.6811316010
1.0360441200
-0.0024665634
0.3330737650
-0.3341565430
3.4134781400
-0.0025684000
-0.3472764790
-0.3384405970
0.6594734790
-0.0025194655
-0.9991166000
-0.6637032030
-0.6983821990
-0.0025088852
-0.3757476210
0.3477578460
-1.3235184000
-0.9884593490
-0.3380835950
-1.3249385400
-1.6981427700
-0.6690384150
-0.3387975990
2.2573423400
-1.3597306000
0.3357116280
0.2602936330
0.9994615320
-0.4248989820
2.0512540300
-0.8770077820
1.6333124600
0.2775335010
-0.2033328120
-0.2188813980
-1.5980024300
-0.4483512040
-0.6868239640
0.0337260664
-1.1428008100
-0.8851237890
-0.2000412640
-0.6687868830
-0.4212202130
-0.6859397890
-1.5077064000
0.4850506780
-1.1343846300
-0.4398440120
0.5155320170
-1.1235637700
0.7994207740
-0.4439826610
-0.1988732960
-0.4396140870
-0.1997227220
-0.2017401310
0.7429962160
-0.4867151980
-0.4986772840
1.6126483700
-0.4849144520
-1.3733494300
-1.0540577200
-0.1854460690
-0.7938166860
0.1153882070
0.4171169700
-0.4828564520
-0.8106137510
1.0432020400
-0.1976661530
0.7340795990
2.7659556900
-1.6866089100
0.1083153710
-0.4905739130
-0.8224338890
0.4618849160
-0.4869724510
-0.8367943760
0.4115209580
-0.7681027050
-0.1927282360
0.4091534320
0.6969935890
1.2853305300
-0.1885384920
-0.1885384920
-0.2171684210
-1.8320972900
-0.6000993250
0.6623339060
1.8580933800
0.4208799000
-0.5473904010
-0.0764911473
0.1784276220
0.4047592580
-0.3316136900
-1.0663720400
-0.5624286530
0.6828363540
1.1492883000
-0.0779007375
0.9056347010
0.6675463910
-1.1010962700
1.1762911100
0.1657166480
-0.3216892180
-0.0781909451
-0.3225447830
-0.3287903370
-1.3166793600
0.4169586600
1.1280500900
-0.0855913088
-0.8061704040
-0.7915362120
0.4065020080
-1.5477987500
0.2128530890
-1.1332861200
-1.5226769400
-0.8988659980
-0.3383729160
1.1387828600
-1.1427135500
-0.1584046040
0.7485003470
-0.1623234750
-1.2559526000
0.7808052900
-0.9026547070
-0.9294123050
0.4268379810
0.2276047320
0.2162442650
0.0281245299
-1.0867205900
-0.3548679350
-0.1576620790
0.4131880400
-1.6938873500
-0.5359300970
-0.5102109910
-0.3279170690
0.3946367200
0.7671924830
0.2144356370
0.4007502200
-1.7851098800
0.6130734680
0.1126795780
1.1578806600
-0.3874619010
0.6083899140
0.3665820360
1.3418062900
0.8807505370
0.4036066230
-0.6313969490
-0.1384709780
0.3754525180
-0.6533347370
-0.3908039030
0.3730420470
-0.3947725000
-0.8933011290
-0.1410949530
-0.1410949530
0.6237466930
0.3532763120
0.9468097090
1.3541899900
1.9755795000
-0.9345341320
-0.7049442530
-0.6365386250
0.6031620500
-1.6040009300
-0.6907832030
-2.0094072800
-0.1414698060
-0.1402702780
0.0166883096
-0.3852778080
-0.3757317660
0.3933329580
0.7736182210
0.1988285780
0.7821958070
0.9679054020
0.2022003980
1.3660142400
0.7826042770
-0.5528429750
1.3702631000
-0.7247731090
0.2068774400
-0.1708525870
1.4534039500
-0.1701243970
0.0165552292
-0.1701243970
-0.7540766000
0.9821392890
1.7259919600
-0.9022310380
-0.7427459360
-0.3591216800
0.5964484810
1.3532676700
0.3958369200
-1.1343618600
-0.5611312990
1.2022061300
1.1007151600
0.3654421870
-0.5984184150
-0.5858947630
2.3739926800
-1.0440144500
1.9320347300
-0.3411096330
0.1299844090
-0.1095873710
0.8061437610
0.3583629430
1.0751824400
0.5751021500
0.3570236270
-0.3571744260
-0.3511055110
-1.0160497400
-1.0292096100
-0.8214102980
-0.3449473380
0.6073493960
0.3745304050
1.3233574600
-0.1036510390
-1.0303063400
0.5864279870
0.8337304000
0.3848144410
1.0734989600
-0.8632246260
0.6095516680
-0.0601769984
0.7012034060
0.6569544080
-1.0326042200
-0.0586035326
-2.0146234000
0.1984352920
0.1773298230
0.4440503420
0.9535384180
-0.8362441660
-1.7562624200
-0.3052490650
0.6608797310
-0.5647659300
0.4146287440
0.9155914780
0.1834749130
0.9082939620
-0.0592457615
-1.0436186800
-0.7899264690
0.4200814070
0.1817191690
-2.5543072200
-0.7996110920
0.7275877590
-0.3223556280
-0.5534006360
0.4370073380
-1.0315027200
0.1922048480
0.3736478690
0.3895816800
0.5927585960
-0.4486764670
-0.0415179059
1.2042994500
0.3776313070
1.0479528900
2.0063853300
-0.4620371460
-0.4498910610
-0.8898923990
-0.6658909920
-0.4613083900
-0.4837786560
-0.0429069400
0.4047437010
0.5772737860
-0.0405991748
1.2081470500
-0.0433116183
0.8017794490
0.7984176870
-0.2426858100
-0.2689337430
-0.2555946410
1.0452991700
-0.0407960452
-0.2569186090
0.5862549540
-0.4757622480
-0.0410804115
-0.0903108194
0.6436316370
0.1398493050
0.3356385830
2.0461409100
0.3289762440
0.1303497250
-0.9525766970
1.4166460000
-0.5312814710
0.7827697400
1.1875623500
0.3394199310
-0.9581711290
0.5662366150
0.1221559490
1.8519024800
-0.3145576720
-0.3078230320
-1.0103008700
-0.5326766370
1.3849806800
0.1200666950
-0.7549316290
0.3711448910
0.1243757750
-0.7517811660
-1.4120472700
-0.0925376639
-0.7474492790
0.7819505330
-0.3093013470
0.8566821810
-0.0631854907
1.9676132200
-1.4606872800
0.9214128850
0.4257633980
-0.2994011040
0.3860874470
0.1687161030
0.1724397390
0.6292341350
-0.5315796730
0.1659677030
-0.0640016645
0.9030325410
0.3824949560
1.3028824300
-0.2890607420
-1.9108492100
0.6892685890
-0.7869207260
0.6427606940
0.1870904710
-0.9863761070
-0.5370267630
-0.5321383480
0.1774489130
0.4040499330
0.8466358180
0.8343061800
0.9595434070
0.6055209640
-0.6799525620
0.2402846660
-0.6934278010
-1.1091495800
-0.5055198670
0.2536900340
1.2200590400
-0.6901500230
1.1385984400
0.4215700630
0.4258373980
0.9574613570
0.6251279710
0.7983754870
-0.3222594260
0.8067927360
-0.3153742550
0.6325507160
-0.3224273620
-1.2388111400
-0.3421487510
-0.5001986030
0.0552076995
0.2414228620
0.6099596620
-0.1352350560
1.5047731400
-0.3379189970
0.4177518780
0.2324437950
0.4220192430
-0.3207480610
0.4584532680
-0.1065900330
-0.3929400440
-0.4268700780
1.6226811400
-0.7193126680
-1.8075600900
-1.8647066400
-0.1092974540
0.1724866930
-0.1189500020
0.4538615050
0.4499947430
1.3219203900
-0.3996319470
0.7431138750
1.0686812400
1.0106656600
0.1697444620
-0.9591645000
-0.1090620310
0.1668194090
0.4752495290
-0.1131820160
0.7372347710
-1.9854828100
-0.9770023230
-1.5907913400
0.1997262540
2.4395921200
-0.3872937560
0.1709327550
1.1117572800
-1.0060532100
0.2788994010
-0.7682998780
0.2722965480
-0.5519963500
0.6893275380
0.4819768070
0.4730889500
-1.8286899300
-1.6898948000
-1.7960346900
-0.5618321300
-0.3542935550
0.2900776270
-0.1476377250
0.9525592330
1.2637854800
-0.3668664690
0.2671290930
0.4974671010
0.2788994010
-0.3554194870
1.3152550500
1.1287262400
0.0653061420
0.7349608540
1.2964755300
0.9157671330
-0.3518540260
-1.4367681700
1.0953735100
-0.4232387540
1.1308713000
0.0271823183
-0.4288699030
-0.8717613820
0.2498701210
1.9334696500
1.6026976100
-0.9137935640
0.4822461010
-1.3383255000
-1.0711340900
0.2480004430
1.1718715400
-1.5781506300
0.4827524130
-1.0869032100
0.7248048780
0.0283898972
-0.9774223570
-1.2975143200
-0.4243649840
-0.8717613820
0.2449288220
0.2606875900
-0.2060668320
0.0261290632
-1.5468674900
0.5008524660
1.5448200700
-0.6448608640
-0.9086846710
-0.8173507450
-1.2743871200
0.9309365750
0.5075629950
0.8744929430
0.9151663780
0.9681444760
-0.6083509920
-0.8648098110
1.7293740500
-1.1363635100
0.6961324810
0.7230370640
-0.3977819680
1.4154732200
-0.4256034790
-0.3941704630
0.5179532170
0.4966532290
-0.1673719290
1.6427105700
1.5685780000
-0.8566802740
1.1017079400
0.0503944047
-1.6915930500
0.7025293710
-0.8213056920
0.5217196940
-1.8370492500
0.4834056790
0.4852239790
1.1334468100
0.7636096480
0.7764917020
-1.5573580300
0.7671769860
-1.0896775700
-3.3901836900
0.0189544540
0.4002522830
-1.4165471800
0.0187449567
0.0185155086
1.1195919500
0.8613151910
0.7392327790
0.3791222270
2.2272543900
0.0193086024
0.3846079110
-1.8866908600
-2.5398359300
0.3864364620
1.1676417600
-1.0908168600
0.7511239650
-0.7279951570
0.3793253900
0.4029951390
-1.4127332000
0.0187349804
0.7594477530
-1.0651841200
-1.1075406100
1.6747345900
1.1342541000
-0.2424924670
-2.1111898400
-0.5059435370
0.5359445810
0.8228046300
0.0130290091
-0.4926672880
0.0137187801
-0.7514967920
-1.3096765300
-0.4855690900
1.0414527700
0.2698921560
0.5620358590
-0.7558729050
1.5865719300
-0.7969486120
-0.2520258130
-2.4097051600
0.7977900510
-1.0074484300
0.5215493440
0.5212725400
0.5251481530
-0.2456915680
-1.8902276800
0.7807019350
-0.4976623360
-0.2596716880
0.2044128780
-0.2738510970
-0.7528846260
-0.2786837520
-0.5296285750
0.9423819780
-0.9799979930
0.7007634640
1.9626663900
-1.5288845300
0.7056856160
-0.2756084200
-0.0358807556
0.2043038010
-0.7512767910
-0.5296285750
-0.2679933010
-0.0350119956
-0.0367775410
-1.0868955900
-0.0361049511
-0.2754619720
-1.4809842100
-1.2975566400
-0.5368950370
1.1745148900
-1.7146381100
1.4052766600
-0.0357406326
-0.0341338925
-1.0266140700
0.2027767000
0.6258608700
0.0861144811
0.3616617020
0.8822370770
-0.7057462330
0.8930017350
0.0876018927
0.3845381740
-0.9560474160
0.0883122981
0.0816966444
1.7164459200
1.4168499700
-0.1885851470
-0.7182608250
-0.9914373160
-0.1853904280
-0.1760967080
-2.2434082000
-0.1842287180
0.3495042320
-0.4752061370
1.3988392400
0.0860478804
0.6042907240
1.4806382700
-0.4484289290
-0.1804531370
1.8984153300
0.6667236090
1.4123473200
1.1191743600
-1.4330319200
-0.7038146850
0.0625622049
2.1370811500
0.7834411260
0.3138806820
0.5679511430
1.0200798500
0.5568431020
-0.1747456640
-0.6606417890
0.0665218383
0.0665218383
0.2965991500
-1.3563736700
-0.4268046020
-1.1358939400
0.0652184635
-1.3725122200
-0.1805263010
0.3454696830
0.5559775830
-0.1863543090
-0.6658961180
0.8065447210
1.2730685500
0.5403975250
-0.6592406630
-1.6399778100
0.5464563970
-0.4179035720
-1.1522507700
0.9995723370
0.2677028780
0.0277484544
0.0283925254
-0.2200772610
1.5926710400
-0.2155622690
-0.7513618470
-1.0387251400
-0.4610683320
0.0274566654
-0.2101211100
-0.2186880260
-0.2232609090
0.0275634173
-0.9321483370
1.2521070200
0.5150213840
-0.4917898480
-1.6607875800
0.4991154970
0.0264745448
1.6294796500
0.2819101510
1.7778015100
-0.7135964630
1.3032541300
-0.4642633800
0.0275705345
-0.4699161350
0.0278694406
0.2651066180
-1.7172220900
-0.5119676590
0.8671554920
-0.2077828940
-0.8775486350
-0.1787883790
0.0016603965
-0.6731035110
0.8622156980
0.3688613180
-0.8457760810
-1.0297312700
0.3306623400
0.6767757530
0.1692173180
-0.9996504780
0.1696695390
-1.1752778300
-1.3426684100
-1.5187472100
-0.5098221900
-0.1679682140
-1.0039477300
-0.5357021690
-0.3324213620
-0.9942789080
-0.8524885770
-0.3363490100
0.7255212070
0.5093001720
0.6900740270
0.6972622870
0.2714311480
-0.1988743100
-0.0418042392
0.1132510900
0.7549064160
0.6505945920
-0.9937203530
-0.0413785800
-0.7302253250
-0.3571459350
-0.5120286940
0.7976383570
-1.1461756200
0.5682359930
0.2850600780
0.9095211630
-0.6710848810
-0.3548867110
-0.0426779613
-0.7264847760
1.1904476900
1.0414645700
0.4231329860
0.1181539970
0.1106483120
0.4649666250
0.5676172970
-0.0426779613
1.0861146500
0.8753072020
-0.8085745570
0.2728657720
-0.9032493830
0.9240502720
-0.1147422190
-1.1353966000
-0.8835318680
1.1906404500
0.4180622700
0.4109946190
-0.6302043200
1.1806507100
1.9449238800
-0.1165799950
0.1451303060
0.1438912000
0.4112088080
-1.5398844500
-0.6178930400
0.1490025070
-0.6599842910
1.8633980800
-0.8840013740
0.7299563290
-0.6878094080
-1.8558967100
0.1432716400
0.3953601120
-0.6647257800
-1.1444894100
1.7906757600
-0.1109184700
1.2171753600
0.1519066540
0.6276820900
-0.0357478037
-0.4348228570
-1.0471171100
-0.2334750290
0.7257772680
0.1624916640
0.1729827670
-0.8236520290
-1.2655834000
0.7700079680
-0.9850816130
0.3681059780
0.5493668320
-0.4234365220
0.1534363930
-1.0182385400
-0.8141549830
0.1606470640
1.3526237000
0.1621982010
-0.4168978330
-1.7555298800
-0.0367300995
-0.4530297220
-1.2228443600
0.3550194200
0.7529054280
-0.4139667150
-0.0355744585
-0.4234365220
-0.2316395340
-0.1086125520
-0.5580531950
0.8184403780
-0.3295109870
-0.1056608410
-0.5727005600
-0.3290590350
1.2609161100
-0.9994559290
0.3470917050
-0.3513688150
-0.3456578550
1.7922668500
-0.8354992270
-0.8065158720
-0.5586764810
0.3483074310
-1.2697479700
0.3453983660
-0.3311544360
0.1217458020
1.7727233200
-1.6774107200
-0.3521905540
-0.8092924360
0.5949988960
-0.3479175870
-1.0785784700
0.3675854800
-0.8265362980
0.3692354260
-0.8063210250
-0.7544317840
-0.0227116216
1.0998703200
1.7737008300
-0.7634485360
-1.0903723200
0.3403526250
0.7011311050
-2.8970921000
0.3428501490
-0.3765538040
-0.7657370570
0.6886512040
2.1568121900
-1.4674964000
-0.3828281460
-1.7997857300
1.7453382000
-1.1204075800
-0.0245944224
0.3385076220
-0.0233734120
1.0599703800
0.3388608400
0.3455512230
-1.5247324700
-0.0240885951
0.6919161680
0.6907132860
1.7742483600
0.3296979670
-1.5101305200
-0.4887878000
0.8993638750
0.8936254980
-1.3283779600
2.6892409300
-0.7733237150
-0.2053482230
-1.3005840800
0.3557127420
-1.2665300400
0.9081943040
-0.4808409810
0.3503009080
-1.0136625800
-0.7990950940
-0.1873677670
0.8925112490
-0.1941817850
-0.7320164440
0.0812392309
-0.4859661160
0.3499941530
-1.0736285400
-0.4930491450
-0.7298231120
-1.3191564100
-0.1951925900
1.6920052800
0.6243957880
0.0804077014
0.9058265090
-0.2241373210
-0.7671609520
-0.5228443150
0.6561633350
0.9088230130
0.1723007860
-0.2995316680
-1.7698532300
1.8208456000
1.1531847700
0.4125843640
-0.7681069970
0.8550719020
0.6708670850
-0.7773311140
1.0944072000
-0.5331644420
-0.5395898820
0.6317095760
-0.0686673746
-0.5572886470
0.6354051830
-0.3095578250
0.1671998050
-0.5315211420
-0.7592140440
-0.0653162822
-1.4570403100
-0.5358102320
0.1717734630
0.8706597090
-1.5284426200
0.4067814650
-0.4939002390
0.0707504451
-0.2039139570
-0.2054715160
0.9166899320
-1.0089347400
-1.0414525300
1.4735882300
-1.3576755500
0.9094793200
0.0710754097
-0.2012007980
1.1644898700
0.3602499960
0.6156913040
0.0684002712
1.1565760400
-0.1994171440
-2.6340653900
-1.8682990100
1.4704786500
-0.2099934370
1.1567199200
0.8853152990
0.6525366310
0.6210693120
0.3590604960
1.1456404900
0.3545148970
1.1572954700
-0.1987137350
0.0716510192
0.1333046850
-0.1671836970
-1.0231646300
-1.5916627600
0.1396975960
-0.7205460670
-1.6813590500
0.7281023260
-0.4460478130
-2.1843805300
-0.4378193620
0.1344089210
-0.4649345580
-0.1573309000
1.8625478700
0.1402123570
-1.9572758700
0.4217854740
-0.1547289190
-0.1556557860
0.4369636770
0.4355456530
0.1327899250
0.1410758050
0.1349734810
-1.3224083200
0.4250417050
-2.5054140100
1.6359324500
0.4238862690
-1.0149061700
-0.4638300840
-1.9207819700
1.1432155400
0.2320158330
-1.3001160600
-0.6887831090
-0.4034431280
0.2289130540
0.2242034820
-0.3826520740
-0.3910651800
0.8565226790
-1.6034845100
0.5365269780
-1.9179201100
-1.6348065100
-0.0813320875
0.5608145000
-0.4092452820
-0.7267897130
-0.0887653306
-0.0861740187
0.8775855900
-0.9828070400
2.4590170400
0.2252215740
-1.8792851000
-0.6844641570
0.2289684560
2.9793324500
-0.4008079770
0.2339550700
-1.3117300300
-0.5607724790
2.0833079800
0.4701074960
1.8044061700
1.8066313300
1.1403732300
-0.5193660860
-0.8915360570
0.4632492960
-0.5454600450
-0.8861331340
0.4535293880
-0.8766914010
-0.2073221800
-0.9030908350
-0.8762885330
-0.5329918270
-2.9047946900
0.4535293880
0.1253927500
-0.2002768520
-0.8654843570
-0.2090939880
-0.5442529320
-0.2051597980
-1.1808883000
1.1819342400
-0.5516445640
-1.2472652200
-0.5410200950
1.1722689900
1.2393740400
-0.8301214580
0.0934003145
-1.0746684100
0.0899260938
-0.1415261180
1.4306453500
-1.4870463600
-0.1385062040
0.5489010810
-1.3442282700
-0.1399169860
0.5758295660
-0.3620536920
1.5203319800
0.0975917801
1.9209318200
-0.1392419930
-1.5219544200
0.0936804861
-0.7892724280
-0.6275061960
0.7982075210
-0.1392675790
-1.0958807500
-0.8347500560
0.3359398840
-1.0615246300
-0.8241112230
-0.1398994030
0.5520173310
0.9978615640
0.3363346460
-1.5880430900
0.2494990530
0.9761754270
1.7682948100
-3.0618958500
-0.1186304320
-0.8613017800
0.2535140510
-0.9184970860
0.6378809210
-0.1123075930
0.9986127020
2.5988535900
-1.2345892200
-0.8364056350
2.5391080400
0.2565964460
0.6167644260
-0.1196280350
0.2582522330
-0.1181386490
-0.8577715750
-0.8474705820
-0.4950129690
1.3549412500
-0.4736646120
1.3642990600
-0.1133473520
0.2575211520
-1.6082059100
-1.2218070000
0.2532295290
-0.1756685820
0.1179155110
0.4036794010
1.2997105100
-0.7784200910
0.6947118040
-0.7371332050
-1.3822610400
0.1128060070
-0.4619067910
-0.4811755720
-0.4631379250
0.6902806760
-1.9241052900
0.6839625840
1.2833472500
-0.4889059960
-0.7541350720
0.1121967060
-1.5842826400
2.5471239100
-1.3996253000
-0.1779681440
1.0126420300
1.5622206900
0.1108091850
-0.7429783340
0.3847508430
-0.4794004560
0.4106276330
-0.7694205050
-0.4646840100
1.2546048200
0.4671198130
0.1724786760
-2.0644946100
0.1828954070
-1.5534056400
0.4655632970
-2.4346270600
0.9789090750
1.6388644000
0.9912815090
-0.3791250880
-2.5679018500
0.1721988920
-0.9267601370
0.1788815260
-0.1029248310
-2.6279823800
0.1749106790
0.7376091480
0.1732104270
0.1784941260
0.9852190020
1.0161811100
1.2878990200
-0.1085169020
1.2579184800
0.4403811990
-0.1056440250
1.5695791200
-0.6528243420
1.3516470200
1.0094134800
1.0833685400
0.5415222640
-0.1507780250
1.2801388500
-0.4011366960
-0.3862352670
-1.7774707100
-0.1508158300
0.3024046120
0.0778504834
1.4598032200
0.8044294710
-0.8504369260
1.0554517500
0.0767153054
0.0751246437
-1.7727828000
0.3089132910
0.0756492019
1.7529075100
1.4577002500
-1.3487854000
-0.8559269910
-1.2761942100
-0.8320482370
-0.1552624260
-0.8339149950
0.3103834390
-0.3763250710
0.3074478210
-0.6052479740
-0.4101548790
-1.2919542800
-0.3923475150
-1.0471711200
-0.0892302543
2.2074558700
-1.0365247700
0.5612072350
-1.0209164600
-0.3949820100
0.8586260680
1.2052565800
-0.7344306110
0.2238610240
0.5467184190
-1.3233673600
-1.9096164700
-0.7254486080
0.2193737030
-0.4104963840
-1.3198405500
-0.7000722890
-0.7004210950
0.5279096360
-1.5933080900
-0.6961480980
-0.4044955370
0.2271844450
1.1363315600
-0.7065689560
2.7759225400
-0.0841174498
0.6546124220
0.2472107860
-0.1847735200
0.9065074920
-1.7115913600
0.2549552620
-1.0745186800
-0.4013156590
-0.6561055780
0.2475628110
0.8885422350
1.3559416500
1.1770021900
-0.4080060120
0.0306104366
0.9973886610
0.7413886190
-0.8202208280
-0.8399347070
0.8999267220
1.5538424300
0.0301270243
-0.8454194070
0.2487413140
0.4742825630
0.4903341530
0.4716407950
0.0312047508
-0.6390858290
1.5774478900
-1.0342222500
-0.1805824940
-0.8220621940
-0.5507115130
0.3624046440
0.1348091960
0.3682409820
-0.0928563476
0.1369505970
-0.0925693065
-0.3130881490
-0.7428159710
0.8430508380
0.1372806730
-1.4291151800
-0.0905904099
-1.4210052500
-1.0026344100
-0.3305087390
0.1353631020
0.1310751440
-2.2128596300
1.0734839400
0.5724487300
0.3448074760
-1.0043313500
-1.0062707700
-1.0116648700
0.1392611560
-0.3194544610
-0.3441673820
-1.1879930500
1.2462041400
0.3606261910
-0.3391954600
0.3009946050
1.5790704500
-0.3528698680
-0.3458589610
0.3067278270
2.2499604200
-0.0178320799
1.2171692800
1.8693406600
0.6428840160
-0.9433514480
-0.9673430920
2.1904389900
1.2963750400
0.9212712050
-0.3377590480
-0.0179512296
-2.5577447400
-0.9776295420
0.3007633980
-1.5695941400
1.2966843800
-0.0181535613
-0.3527039290
-1.6199710400
-1.9167950200
-0.6344711780
-0.6799981000
1.2426945000
-0.3325838150
-1.3389885400
-0.3016631310
1.3444891000
-0.3037303690
1.9994026400
-0.5874350670
-0.8417249920
0.2430523780
2.5421824500
-0.0320356041
-1.6782974000
0.7895043490
0.2392574100
-0.5983669160
1.3113251900
0.2514250580
1.3316043600
-0.3081114590
-0.8941493630
0.5137812500
-0.0323960930
0.8100314140
2.2217812500
-1.1160112600
0.2445547880
-1.6716620900
-0.5757198330
0.2442431750
0.7974292040
0.7725155950
-0.0308671147
-0.8450801970
0.2640081640
-0.9127417210
-0.4287443460
0.6515977980
-0.4129641950
-0.1559500840
-0.1567754300
0.3651620750
0.8998936410
-0.9889009000
1.4711959400
1.1225756400
0.9125466940
0.8966672420
0.1031015890
-0.1570898440
0.1078135000
0.8915572760
1.1733689300
-0.9338840840
-0.4213941400
-0.4189484120
0.1016625460
0.1054893810
-0.4250887630
0.1079663190
0.8837549090
-0.1573060010
-2.5747034500
0.1038720530
-0.7107544540
-0.9355193970
-1.2302939900
0.8057178850
0.8051666020
0.5800473690
-1.6531754700
-1.3586055000
-0.1779950560
-0.6902624370
0.5370001790
-0.1780597720
0.0657880977
1.2873830800
0.0713814199
0.3022281230
1.2694732000
-1.9574693400
-0.1728934650
0.5393159990
-0.1716207560
-0.9547914860
-0.1723757540
-1.5918388400
0.5537047980
0.5386348370
0.5484430790
0.3133125310
0.5542837380
-1.1179060900
-0.6500703690
-1.4559297600
-0.4208428260
1.5829873100
1.8355537700
-0.9399761560
0.6281262640
-0.1507240530
-0.1467418670
0.1087486220
2.1184957000
-0.6357304450
1.3455529200
1.0790600800
-1.6146311800
0.3623379770
1.8355981100
-0.3893139360
-0.9373559950
-1.6227605300
0.5998103020
-0.4099409580
-0.6776929500
-0.8875187040
-0.8899750710
0.3678950370
-0.3874606490
-0.6577145460
-0.9018749000
-0.6554335360
0.6035901310
-0.8721799250
1.3912265300
-1.4477847800
-0.4026240110
0.3629457950
0.3535682260
1.1072474700
-1.4774587200
-1.1697650000
1.9933458600
2.0511775000
2.2352769400
0.8346143960
-0.0202358700
0.5499764080
-0.3112819790
-0.9062122110
-0.0194776561
-0.3208439950
0.5493590830
-1.2277442200
1.1682493700
0.8712549810
0.2745382490
1.4089680900
0.2643125650
-1.9929474600
0.2717584670
-1.4209007000
-0.0198904611
-1.2335205100
-0.6509712340
0.5762474540
-2.0049908200
0.5658385160
1.1570121000
-0.0203128941
-1.1754690400
-1.5287885700
0.6483054160
0.3545299470
1.3595843300
0.6586300730
-2.1690836000
0.3668455480
-0.8663752080
0.3491136730
1.0183706300
-2.0773623000
1.0095670200
-0.5717286470
0.3465130030
-0.2639666500
-0.2623168530
-0.8707343340
0.0405640267
0.0399071500
0.3476521370
0.6444185380
-0.5644879940
0.0424597301
0.0437385179
0.3451804220
-1.2442404000
2.6369752900
0.6492771510
2.1820936200
-0.2733869550
-0.5565374490
0.3469428720
1.3756870000
0.0937123969
1.1639570000
-1.1861256400
1.3597059200
-0.1707472500
0.6013005970
0.0955246910
-0.1613420250
1.9210507900
0.0996588096
0.8498245480
0.0984081551
-0.6669931410
-0.4264501330
0.6475660200
-0.9423382880
-1.4872057400
0.1015811190
0.6157937650
0.3669435080
0.0991492793
0.0931044444
-0.4116195740
-0.4292292590
-0.6715971230
-0.9345150590
-1.7282677900
2.0935938400
-0.6721830960
0.0920853913
0.8876562710
-0.1725616010
0.8825131060
-0.4335412680
1.6994433400
0.3517116010
-0.9658674600
0.3559508030
0.6519952420
-1.4740728100
-0.9523422120
1.4204807300
-1.4923312700
-0.1714405860
1.1756534600
-0.1707786470
0.3616312150
0.0941785872
-1.4511350400
0.6033196450
-0.4324656130
0.8607584240
-0.1723267140
0.0943336636
0.6667270660
1.1145476100
0.0900827795
-2.2752564000
0.8731122610
0.3525599840
-0.6920274500
0.8992286920
-0.4335950610
0.7401365640
1.3568775700
-0.7313891650
-0.1375476870
-0.1415459660
-1.0342779200
-1.9909377100
-0.4636322560
-1.0238124100
-0.1382111610
-0.1398872880
2.5593447700
-0.7341647150
-0.4471778570
0.1576474610
-1.7106053800
-1.0228625500
-1.3038544700
1.9085041300
-1.9509586100
-1.0485116200
-1.0250157100
1.3816827500
-0.1453696490
-1.0751107900
-1.0604178900
-0.7148713470
-0.7400599120
-0.1467140470
-0.1414935890
-1.0676376800
0.4586198930
0.6395727990
-1.1220536200
1.1424089700
1.0915374800
-1.1542892500
-1.3594938500
0.4244856240
1.3092848100
1.3502275900
0.4467278120
1.5148018600
1.3883550200
0.6431488990
-0.0167802107
-0.6859425310
0.8951621650
-1.3659189900
1.5072814200
-0.0151618142
-1.8673443800
1.3326116800
0.6290827990
0.4286983310
0.2159079460
0.4206651750
1.0952738500
-1.3332990400
0.8443115950
-0.6854425070
-0.6805670260
-0.7394061680
-1.3067747400
-0.5257742400
-0.1680457740
-0.1712931840
0.4949068130
2.2869033800
0.5082963110
-0.5086664560
0.8638632300
-1.4998635100
-0.1665282850
1.8843221700
1.4811103300
-0.4935713710
1.4952287700
-0.8420505520
-2.0099120100
0.5077279210
-1.1491891100
-0.1653901790
-0.8446411490
0.5093384390
0.5653912430
-0.5196433070
-1.1985615500
1.5253479500
-0.8213256600
-2.9584565200
0.1801777780
-0.8230872750
-1.8413521100
-0.1592747270
0.1752843260
-1.2735843700
0.1148964910
0.1185851100
-0.1164733770
0.3478823300
-1.7172442700
-1.7607249000
-0.3433201610
0.8424071070
1.3052719800
1.8192896800
-0.1157372970
1.0282977800
-0.3441944420
0.3484271170
0.3444747330
0.1151604730
0.8225277070
0.5782883170
-1.4931366400
1.0348311700
1.8282558900
-1.7074278600
-0.8496983650
-1.6790453200
0.3448806700
-0.5943863990
-1.4958182600
-0.8000147940
-1.3272974500
-0.5707076190
0.3563104570
0.3888621030
-0.4436290560
-0.4330511390
-0.4305606480
1.1745028500
-0.4340687690
-0.4494669740
-1.2361992600
-1.7671438500
2.2973589900
1.1732704600
-0.1741353570
-1.2546539300
0.3758215610
0.6465452910
0.9120383260
1.1712405700
-0.4382129010
0.1007559900
0.6563913820
0.1058815270
-0.4524662790
-0.4275077880
1.1692106700
0.6358224750
-0.7060733440
-0.9774126410
-1.2410899400
-0.1659996360
-1.8248549700
-0.4358094330
-0.4535374640
0.3502323330
-0.6862512230
-0.9534100290
1.1936754000
0.3560976390
-1.2652301800
-0.1699458960
-0.6898721460
-2.0201761700
1.4337974800
0.9112573860
-0.4479012190
-0.7379786970
-0.9417830710
-1.5076078200
1.6659213300
-0.7099596260
0.0963275656
-0.4302605390
-2.1473374400
0.6240693930
-0.9853248000
-0.9454609750
-0.4413296580
-0.7357371450
-0.4577971990
0.0911129639
-0.1837610750
-0.7283228640
0.8737624290
-0.6829751130
-2.2998168500
-0.4326258000
0.3977347020
1.2817219500
1.5864969500
-0.9921434520
0.4218666850
1.2198089400
2.3425808000
0.9849033950
1.2450850000
0.3986457880
-1.0059423400
-0.7162307500
-0.1573204250
1.5269426100
0.1215539280
1.2821794700
0.1215917100
0.3913815620
0.9672576190
1.5739738900
-1.3228889700
2.9779815700
1.2355921300
-0.4294939640
0.9649774430
0.3869984150
0.1217465330
-0.4456121330
-0.4238782530
1.2272812100
1.8624581100
-0.6623043420
0.5372177360
-0.3887402420
-0.9715612530
0.2122833280
-0.6836302280
-0.0809666738
2.0204765800
0.5113821630
0.2107474210
0.7891928550
0.2162215560
-1.2707213200
-2.5792865800
2.1116387800
-0.0856747404
0.7962197660
1.1333781500
-0.3820556400
-0.0801584199
-1.5397495000
0.5128227470
1.1140937800
-0.3753594460
-0.0860788673
-2.1718275500
-0.0807848200
-0.6671906710
0.5005266670
-1.6817504200
0.5201557280
-0.0810171887
0.4812377390
-1.8002779500
-0.3887375000
0.9385828380
1.6491091300
-0.6138236520
-1.3409740900
0.4765994550
-0.3924002350
-0.1847936960
-1.2810472200
0.9180812240
-0.8314316870
0.7460763450
0.5059351330
0.9248529670
-1.5906856100
0.0466879457
0.4948363600
-1.2958710200
-0.1701706650
-0.6226185560
1.6850832700
0.0466496870
-0.8189235330
-0.8248158100
-1.7059513300
0.7216402890
-0.3878584500
-0.4140347540
-0.1742362080
-0.8531917330
-0.0695246011
-0.4150257710
-0.7631474730
1.3438376200
-0.0695827976
0.9538796540
1.6677002900
-0.0678536147
1.6574533000
2.6962606900
-1.1182794600
-1.4996751500
0.2807614210
-1.1093030000
0.2920734290
0.2758318480
-1.0824927100
-0.4091394250
-0.0672301129
1.0162113900
-0.4228487610
0.2939276400
0.6221018430
-0.4337041080
0.2782869940
0.9824433920
-0.4036353230
-0.7713153360
0.6404250260
-0.0672467425
-2.4799556700
-0.7653825280
-0.1573888360
0.9273999330
0.5623717900
0.5755680800
1.3198386400
-0.8886585830
-0.1566035450
-0.1630507260
-0.1556437460
-0.5160136820
1.5980054100
-2.9772355600
0.2083690170
0.2076538950
1.6158815600
-0.8719441890
-0.1580674950
0.9509943720
-1.9276274400
0.5774918790
-1.2115404600
-0.9142945410
1.6104584900
-2.4141552400
-0.8803181650
0.5756367440
-0.5180437560
0.9449054600
0.5535814760
0.5713081360
2.3408126800
-0.1548099670
0.8416796920
0.4093618690
-0.4636448320
-0.0315327682
-0.2651238140
1.0939407300
-0.2601426240
0.8430474400
-0.4789166750
-0.0306759346
-0.6709626910
-1.3438180700
1.5353964600
0.6294553880
-0.2520948650
-1.1987643200
1.7311993800
0.8702967760
1.0965902800
-0.0329054371
1.3345257000
-0.6963208320
1.5096818200
-0.9246929290
-0.4682585000
1.3728649600
0.6420819160
-1.5682678200
-0.2501491010
0.6163612600
-0.4726385770
-1.3703314100
0.4675376120
-0.1281606700
2.1830136800
0.9995565410
-0.4141717550
0.4720458390
0.7219334840
1.3112096800
-1.5456577500
-0.6954724790
-0.4028943180
2.1602463700
2.1128587700
1.0681253700
1.2679882000
-1.0167872900
1.8573982700
-2.1240975900
0.1706016060
-1.5158214600
-0.1193606480
0.1606321630
0.4624246060
-0.6734473710
0.4420275690
1.5724647000
-1.2286355500
-1.5936142200
-0.4024202530
0.4444741010
1.0131703600
0.7157277460
-0.1624854950
1.0818829500
-0.1645429730
0.4599259500
-2.3487370000
-1.6835924400
2.0074136300
0.7777957320
0.7723345760
-0.7912483810
-0.1647826730
-1.0773232000
1.3708367300
-0.1649774310
-0.1616914720
0.1495130360
0.4624311030
-0.7920597790
0.7694728370
0.1519246850
-0.8491138820
0.1487091480
0.4696477060
-0.4740216430
-0.4857662920
0.4626873140
1.0884414900
0.4630146920
-0.1575265820
1.1026626800
0.1528394520
-0.1621409210
0.2156258670
0.5093191270
0.2099068310
-0.6373544930
0.4933816790
-0.0764416531
-2.1699125800
-0.6704270840
0.4987868070
1.1239506000
-1.8192108900
0.5141374470
-0.9322829840
0.5089639430
-2.1634337900
1.3260330000
0.2121265380
1.3432455100
0.2155605700
-1.3017442200
-0.0758689865
-2.7320244300
1.6450772300
0.7739987970
-0.0803548843
-0.9859991070
1.0679193700
-2.6639468700
1.0343805600
0.2072692810
0.7751679420
-0.0760598779
-1.1282976900
-0.1363941880
-1.7573572400
-1.0758808900
-0.6114186640
-2.0195381600
-1.3287048300
0.0963851884
0.3336528840
-0.8507289890
-1.3303333500
-0.1368928550
-1.6114519800
-1.7909654400
0.3335707490
1.0797976300
-0.1557218430
-0.1392572220
0.0947978646
0.3545549510
0.1009204020
-0.3808314800
0.3317228260
-0.8331323860
0.0949888229
1.5231356600
0.3534051480
-0.6102491020
0.8165414930
-1.3304961900
0.5753942130
-0.8873079420
2.2243499800
1.0098029400
0.3649068470
1.3132265800
-1.4340844200
-2.3887333900
-0.2595581110
1.2907408500
-0.2598817940
0.0499719121
0.0480023995
1.6171695000
-2.3812263000
-0.8793222900
-1.2206286200
0.0474115461
-0.5674390790
1.8508592800
0.0491050258
-0.5598960520
1.2438956500
1.3350876600
-0.2568582590
1.2687236100
-1.1977707100
1.5240016000
-1.4797970100
1.0143100000
0.6946791410
0.0477517322
0.3475883600
0.3517874480
-1.6497287800
-0.0287893675
-2.2970142400
0.6245825290
-0.3523778320
0.2977364060
-1.3607933500
1.2122178100
-0.0294334162
1.2855531000
0.2990679440
-0.3418721560
0.3060575430
-0.6703457240
-1.0365077300
0.9305093880
-0.3575978280
0.9548624160
0.3053276240
2.8010981100
-1.3749947500
0.2899262010
-0.0294716228
1.6562849300
-1.9945764500
-1.4211288700
1.5961889000
0.6373799440
0.2969973390
-0.6891831760
-1.0092802000
-1.3175323000
-0.1436668780
0.1377575700
1.5144184800
0.7109740970
0.3981183770
1.2007598900
-0.1409869790
-0.4339080450
0.1287487300
0.6929742690
-0.6899750230
2.5411286400
0.1311629710
1.2555180800
0.4159698780
1.8671190700
-0.9835532310
0.1274524930
-0.6884701250
-0.4123353060
0.1314789210
-0.1425604370
-0.4230961200
1.0171889100
-0.9687107800
0.6677076220
1.2297229800
-1.2549412300
-1.2547891100
0.4240479470
0.1375307290
1.2761844400
0.6145554780
-0.3822096590
0.6164180040
0.2845367490
-0.7050514820
-0.3731530010
0.6163039800
-1.1039482400
0.6413149830
1.6813677500
-1.0229936800
0.6072574260
-0.0462814532
0.6158098580
2.9203550800
-1.3928973700
0.6221053600
-0.0460791215
-0.0443301946
-1.7504135400
-0.0452524684
-1.0796490900
-2.0131571300
-1.9778736800
-1.9998945000
-0.0455310233
-1.0414419200
-0.0451256633
-0.0479167439
1.2567466500
0.6158478260
1.0112847100
0.7106719610
-1.3064123400
0.4598458410
-0.5993780490
-1.3223671900
0.4340484440
0.9344828130
0.1848205480
1.1568622600
-0.0616315901
-1.2921370300
1.9134641900
0.9308956860
1.1676126700
-0.3051818310
0.1952328380
-0.8335123060
0.9777415390
-0.3066735270
1.6375144700
-1.6151205300
-1.0294469600
-0.5533671380
-1.7718991000
0.4244241420
-1.5107963100
0.6810571550
0.9135153290
0.1877177950
1.1754410300
0.4294881520
-0.5733509660
0.0052562160
-0.6164119840
0.8002019520
-0.7998830080
-0.1977159680
0.4000912310
-1.2742211800
0.2054006760
0.2016500380
0.2064835580
-0.7906468510
-0.5895701050
0.5984648470
0.0053611561
-0.3821048740
0.0053200354
-0.3796778620
-1.7468699200
-0.3983595970
-0.5862788560
-1.1923048500
0.6069340110
-0.3914973140
-0.3955746290
-1.3914833100
0.9848891500
-0.8033527140
-1.9614168400
1.0485699200
0.0055035981
-1.0223641400
0.4222770040
-1.1347881600
0.1716057960
1.5107361100
-0.0992271155
-1.1753729600
0.4440480170
-0.3750510510
-1.4621568900
0.4522081020
-2.5262148400
0.1713876430
-1.8221790800
1.2243566500
0.7086227540
-1.6866815100
0.7329980130
-1.1535140300
-0.3801813130
0.4443857670
0.1767229740
-0.3720358610
-1.1612925500
-1.2958307300
-0.6226516960
-0.9142568710
-1.4019566800
-0.3800913100
0.4509651660
-0.3659717740
-0.8830294010
0.4338884650
-0.9032925370
-0.5320180650
1.5934313500
0.2437499020
-2.3879554300
-0.2631266420
-2.0179505300
-1.0215550700
-1.0357818600
-0.2646492720
1.4772124300
-0.0080995355
-1.8492885800
-1.2543362400
0.7468732000
0.9887269140
0.4925563630
1.2899483400
-0.8020586370
-0.7637025710
-0.7674052720
0.2456284020
-0.0085991826
-0.5309999590
-1.5747970300
-0.5275956990
-0.7672154310
-1.2593781900
1.2848156700
-0.5251299740
0.7616848950
0.7503111360
0.7561185360
1.2977055300
-0.2281938790
0.7412282230
-0.2333526020
-0.4711011950
0.0081404392
1.4615148300
-0.2309029250
-0.2318827960
0.5007081030
0.2442015560
-0.2358148690
0.4896418750
0.2600727980
-0.4748247270
1.2334281200
-0.4721567030
-0.7288433910
0.5105009080
0.2446021880
-0.4662928580
-0.2343612760
-0.9696010950
0.5219612720
0.9672464730
0.5003139380
-0.2290872930
0.7674250010
-0.4846760030
0.2514206470
-2.1332101800
-1.4249103100
-0.4122484620
0.0746579543
-0.4336754080
1.3733695700
-0.1830276400
-0.6986433860
-0.1866515280
1.2939560400
-0.1811091010
-0.4076828960
-0.1783165780
-0.1825586560
1.0538760400
-0.8857707980
-1.1754005000
0.8079245090
-1.9720069200
-1.1563454900
-0.4301215410
-1.2519658800
-0.6682209970
0.8040888310
-1.4249739600
-1.4210994200
0.3312719460
1.5406780200
-0.9388288860
-2.1994869700
-0.4422358270
-1.7432473900
0.3307543990
0.3199256660
-0.0279854406
0.2382163550
-1.1164735600
-0.8553530570
0.8105280400
-0.8297942880
-1.6138521400
-1.1462264100
-0.5453138350
-1.7371935800
1.3353641000
1.8294493000
-0.0285738055
1.0355688300
0.2392224520
1.5710059400
0.4978404640
1.1980372700
-0.5675836800
-0.8238883020
0.5491353870
-0.8751076460
-1.9286766100
-0.5769972210
-2.1407382500
1.0647659300
0.5086979270
-1.1510731000
-0.8231754900
0.2402469070
1.6676951600
-0.5836928490
-0.5854875450
-0.5605342980
1.6576395000
0.5026590820
1.0122494700
-0.5948752760
-0.2873477040
0.5247625110
0.5149698850
1.0784380400
1.7913380900
1.3396997500
0.2442969830
-0.2909703250
0.4949803950
0.2489822950
-0.8563713430
-1.5854194200
1.7845528100
1.2844610200
-0.8391624690
-0.8536220190
0.2389066670
0.4989596310
1.7850050900
0.5084336400
-0.0290020201
0.2332079260
-1.7035549900
-2.1605427300
0.7791917920
-0.0274501741
0.2471203210
-2.7780599600
-1.2960692600
2.9390552000
-0.5025932790
-0.5164558290
1.7425823200
-0.1440217640
0.2591247860
1.0586174700
1.4319671400
0.2472431210
0.2448176740
0.2573440670
-0.1318166700
0.2449404750
0.2451246830
-0.8674301510
-0.1378094400
0.2503516970
-1.2613376400
1.0095751300
-0.8718378540
0.6282839780
-0.5148277280
0.2480260280
-0.1363458040
1.0160248300
-0.1291902510
1.4078364400
1.0631042700
0.6132555010
0.1023489460
0.3544315700
-0.9097304940
-0.1544715910
-0.6688538190
-0.6890222430
-0.6745725870
-0.9315974120
0.6185917260
-0.1511017230
-1.4497610300
-0.9102940560
0.1012234390
0.8547049160
-0.1527878340
0.8335209490
2.3603715900
-0.1536531900
0.3532919290
-0.6612219810
0.6220670340
-0.6364337800
0.8455500010
0.3446130450
1.3907839100
0.6103823780
-0.9432071450
-0.1595745380
-0.1599878520
-0.1531729550
-0.4001706540
-0.1535557360
-0.5514223580
-0.6006089450
-0.9077604410
-0.2747505010
-0.2814615370
-0.5672223570
0.8980102540
0.0119824745
-1.8057752800
0.3003009260
0.3187551800
0.0121428398
0.5817344780
0.6028317210
1.1720010000
1.1784369900
-1.5083743300
-2.8456263500
-0.5636138920
-0.2773389220
-0.8613192440
0.5957079530
0.2980640530
-1.9823721600
0.9102826710
0.0127063682
0.3092297910
-1.1346099400
0.0121383434
-0.2815686760
-0.2728991510
1.5244776000
1.0240212700
-0.2361478210
0.6781405210
0.3812093440
0.6696083550
0.6847461460
1.0058426900
1.6761723800
-0.5295767190
1.8374698200
2.2585349100
1.8691781800
-1.4239057300
0.0835521445
-0.2096316810
-0.7935805920
0.6750873330
1.8902570000
0.6832848790
-0.2137764840
1.2552912200
-0.8381019830
1.9142617000
-0.8005839590
-0.8106888530
-2.0156564700
0.3803415000
-2.2835776800
-0.2125808600
0.6664296980
-0.8130899670
0.0845233873
0.0189525466
0.5087438820
0.0193152353
0.0192305706
0.2631198470
0.5109732750
-2.3140296900
-1.5917164100
0.0193221010
0.7906043530
0.2696612180
1.0327379700
1.2902778400
-1.2134977600
-0.7205773590
-1.4545922300
1.4814366100
-0.4728921350
-1.5024511800
-0.7040317060
1.2916599500
0.7693410520
-1.7353156800
0.7389582400
0.7687361840
-0.4880302550
1.4775762600
0.0187340882
0.5208643080
0.7411915660
-2.2705574000
-0.9960718750
0.5698635580
-0.9325258140
-1.6441862600
0.3423517350
1.0238404300
0.7777369620
-0.0859274492
-0.5179780130
-0.5096886160
-0.0824245811
-0.0871937871
0.3483851250
-0.0862440318
-1.5762934700
-0.9121975900
-0.3045539560
1.4629545200
-0.2988212110
0.1310724320
-0.0862950981
-0.2978442610
0.3470491770
-0.0871325135
1.7386621200
-0.2952635880
1.2060781700
-0.7192322020
-1.3762354900
-0.5315396190
0.1363830720
-0.5329371090
-0.7262658480
0.5405215620
-0.2750350830
1.2341482600
-0.9875537160
0.3967734580
-0.4616969230
1.2514891600
1.2297395500
-0.1151598470
0.2049277720
-0.7719888090
0.2078582640
0.0469139889
-0.9444948430
0.2144324480
1.1603756000
-0.6335189340
1.2065752700
-0.1150301840
1.0346751200
-1.2643436200
0.0463348031
1.1594938000
-1.2522845300
-0.9515923860
-0.6047498580
-0.7587237360
0.0460178368
0.8500505690
-0.4367862050
-0.9304420350
-0.7922905680
-0.4325975780
-1.2905439100
0.6920341850
-1.2420014100
0.1332354990
-2.3682348700
-0.7232999210
-1.7401369800
-0.7146973010
0.6633300190
-0.6759430170
0.3995938600
-0.6806275840
0.7259114980
1.7807393100
-0.9473764900
0.9613891840
-0.9715400340
0.4212043880
1.6024907800
-0.1404370370
0.6877390740
1.4938629900
-0.4509688620
0.1363103540
-0.9563038950
0.6871870760
-0.6779871580
1.2534371600
-0.4161506590
0.4162540730
0.9370573160
2.5799629700
1.1003209400
0.3921869990
-0.7396889330
-0.7014657860
-0.7619857790
0.3847620490
0.4015426640
-2.1260993500
-0.7189404960
0.3868834670
-0.3574352260
1.5133299800
-0.7156667710
0.0183907766
-2.1603910900
0.0187603328
1.0994902800
-0.3452391620
0.3960841890
2.9869506400
0.7848348620
2.3178284200
0.3872648480
0.7705042360
-2.1902277500
-1.5160740600
-0.7140299080
1.1061353700
-0.6982805130
-1.0694350000
-1.4298560600
0.1897723380
-1.9761642200
0.1823893040
0.7084167000
0.7415460350
1.5402463700
-0.3755641280
0.4696699980
-1.4234696600
-1.6899027800
0.1858215630
1.7885456100
-1.1700381000
-0.6422381400
0.9782090190
0.4698370400
0.7337743640
0.7585103510
-1.7344042100
-0.0897507966
1.5386228600
-1.2107087400
-0.3542451260
1.2430739400
0.1775987740
-0.3756515680
-1.4828764200
2.0044877500
0.9857093100
0.1818482580
-1.4180049900
-1.4201203600
1.0596599600
-1.2540140200
-0.5778469440
0.5760279890
0.8599041700
-0.1127693650
-0.5497233870
-1.7082668500
-0.8246796730
1.2746727500
1.6768791700
-0.5694063900
-1.2431336600
1.5088421100
1.0135712600
0.1199985970
0.1154424100
-1.2145825600
-1.2477636300
-0.1127762940
1.2487584400
-0.3426127140
-0.7986232040
-0.8340030310
0.3363770840
0.8057229520
-0.1177543180
-0.7930782440
-0.5945529940
-1.7666862000
-0.7885637280
-0.1165626420
1.8132649700
-2.2954955100
1.2101734900
-2.0916771900
-0.5418623090
0.5997440220
-1.6458993000
0.0241066869
-0.2591082450
0.8902319670
0.0236935690
-0.2647497360
0.6101295350
-0.5476404430
0.0256315805
-0.2612381880
-1.4531319100
-0.2711455520
0.0241461769
-0.2675634030
0.6528868080
1.1824683000
-0.8792971970
0.5849023460
-1.4166300300
0.6246029140
1.1616972700
0.3267916140
1.9858527200
0.6034076210
-0.2727591100
1.1759083300
0.8732959630
-0.8281587960
1.9354907300
0.5667853950
-0.5518916850
0.8518172500
-0.5219215150
-0.7815226910
-1.8863236900
0.0180630852
-0.2701934580
0.0178007800
-1.0889920000
-1.0721759800
-1.3091070700
-0.5175845620
1.3552322400
-1.6027622200
0.2878256140
-1.0577951700
-1.5966076900
0.8324915770
0.0170567464
0.5829052330
0.3022168870
1.6146901800
0.0173650533
0.2796325390
-0.7845663430
-1.0593746900
-0.5315178040
0.8412637710
2.3636176600
-0.1648921070
-0.4704205100
2.6688230000
-2.0444579100
-0.1520465610
0.8400489690
1.1099673500
-0.1531911190
-1.3812743400
-0.4771710040
-0.1509492990
-0.7973980900
2.4648025000
-2.1303765800
-0.7695555090
-0.4748822150
0.4762616750
0.8043848870
-0.1588382420
-0.7841980460
1.1095558400
-0.7946708200
-1.1168003100
-0.1584598720
-0.4791411160
-0.1535316410
1.4336117500
-0.4870215360
-1.1739187200
-0.1590085030
-0.7945617440
0.3215578200
-2.0555141000
-0.2715354560
-0.5521168710
-0.2588692010
0.0304133948
0.6509922150
0.0307971574
-2.1350584000
0.8964496250
-0.8301980500
0.0316109173
-0.5426769850
0.0317736715
-0.8479188680
1.4839712400
-1.3899600500
0.6364854570
0.3295823930
-0.5462893840
-0.2531322840
-0.8682938810
2.0606076700
-0.2753063440
0.3273037970
-0.5376332400
0.6308187250
0.0295432266
-0.2606257200
-0.5705537200
0.3298201560
0.3231032790
-2.0760712600
-0.1927030980
-0.7399428490
-0.2009884120
0.6410532000
-1.3047138500
0.6319899560
1.3969328400
1.9373459800
-1.5392155600
0.9233759050
1.1733607100
-1.5774567100
0.8692273500
-1.3011589100
-1.0512684600
-1.3179853000
-0.9868796470
0.0732845068
-0.1992829590
-0.1929208040
0.3427978160
0.6143585440
0.9358717800
-0.7240927820
0.6206609010
0.5984787940
-0.4625154140
-0.4790585340
0.0778867751
1.9390498400
-0.4706716840
-0.2855049370
1.1202863500
0.6680271030
-1.0329396700
-0.2853836420
0.8729957340
0.8702462320
-1.6859511100
-0.2855395670
0.6603322030
-0.5124374030
-0.2780461310
0.1813882290
-0.5135740640
1.8531755200
0.9084159140
-1.4956643600
0.1817233120
0.4110403660
0.6577143670
-1.6849519000
-0.2828324140
0.1764290930
1.0947777000
0.1873079240
0.1817344730
1.5294749700
-0.5033442380
-0.2971046270
0.4124891160
-0.7436754110
1.8704762500
-0.5118197200
0.4896781440
-0.2700034680
0.7828046080
0.7916861180
-0.5160092710
0.7597503660
0.2572874720
-1.0771373500
1.3280495400
-0.2671656910
-1.0297973200
0.7512467500
1.5254504700
-0.0023725266
-0.0024357550
1.0563991100
0.2545605000
2.1261060200
0.4998037820
1.0078594700
-0.2641684710
-1.8375067700
0.5040804150
0.2628862260
-1.2876406900
0.2616968150
-0.0024893235
-1.0260291100
-1.3695375900
0.7597503660
-0.7619861360
1.8872557900
-0.2521665990
-0.5497611760
-0.5414063930
0.0675250515
-1.4659215200
-0.2556904850
-2.7964515700
-0.8951639530
0.0650776476
0.0639713109
0.6967879530
-0.5489494200
-0.2537792330
0.6996268630
0.6831935050
-0.8463463780
0.3835579450
-0.5558497310
0.0642090216
0.9736734030
-0.5534227490
0.0657105446
-1.1760160900
-1.2096738800
-0.2617228930
-0.5769228340
-0.8786102530
0.3784383540
-0.5471904870
-2.2641108000
0.3903688490
0.1543248590
1.2136898000
-0.6587334870
-0.3772432800
1.7589123200
-1.1256986900
-2.1556658700
1.4310358800
0.4063628910
0.7006990910
0.9132965210
0.4155843850
0.6674039960
-1.9803736200
-0.3626683650
-2.2218604100
1.2171582000
-0.3763463500
0.4088801740
-0.3563899400
-0.1039833280
-0.3712114990
0.4381115730
-0.1052606030
-0.6405037050
0.4260902400
-0.3819969300
0.1539581570
-0.6578104500
-0.1075341630
-0.8719356060
-0.3558069470
-1.9581356000
-0.3206886950
0.6707581280
-0.1183393300
-1.9159344400
0.6828120950
-0.3199509080
0.2972724440
-0.3135631380
-0.3144756850
0.6712320450
0.8964613080
0.2715273800
-0.7070403700
-1.1249671000
-0.7288733720
-1.7637850000
0.2824495140
-0.1177123490
0.0777320266
-0.8995774390
0.2728841600
0.8900610800
-0.1174936290
-0.1169541330
0.8474994300
-0.3094081880
-0.7145236130
1.0279928400
0.4662331940
-1.5522723200
-1.3680704800
0.4588609640
-0.0888584778
0.4754072130
1.0980124500
-0.3681997660
-0.0910553113
-1.1762257800
-0.3550453780
2.1037473700
-1.1871835000
-0.0944916755
1.0530644700
-0.0894063041
-1.7533845900
0.9725534920
0.9924342630
1.0166060900
0.4549193980
1.0054926900
0.1815788750
0.7306018470
-0.0884489864
-1.1741143500
-1.2291578100
-1.1866738800
-0.3588452940
-0.0883604512
-0.6280708310
0.7329153420
-0.0925991833
0.7337801460
-1.9589300200
-2.3623631000
0.2553752660
-0.0799236372
-1.9986870300
-0.0748821124
-1.0264048600
-0.7427557110
-0.6977879410
0.2399106320
-1.0597637900
-0.0772848204
0.2557932140
-1.3440973800
1.5252894200
0.5758135320
-1.6498765900
-0.0755394995
0.2491356730
0.2409256850
-0.4105855520
1.9354722500
2.1604933700
-0.4021929200
0.5607440470
1.5448693000
-1.0110230400
-0.0789421797
-1.3290175200
0.5539506670
-0.0822569057
-1.3886741400
-1.3174176200
-0.8094141480
-0.5076355340
-0.8059876560
0.2673778240
0.5153514740
1.6027640100
-1.0055568200
-2.3363268400
0.0083245542
-0.2516571580
-0.2483985420
1.3699972600
0.0081728958
-1.3080308400
-0.2609053550
-0.5135676260
0.5149603490
0.7829261420
0.2737021740
-0.8077009320
0.0083048176
1.3103585200
-0.7967551950
1.3379585700
1.6368160200
-1.0110287700
0.7920684220
-2.2796659500
1.0726709400
0.5223262310
0.2652586700
0.0085769706
-1.4942815300
-1.2074900900
1.7078297100
-0.3554530740
-2.1419286700
-0.6566182370
-1.2076401700
-0.9709635380
1.9113429800
-0.0755897537
-0.6276453730
-0.3663317860
-0.6646031740
1.3359502600
1.6056345700
1.4174981100
-0.0769743621
-1.5435599100
1.9784616200
-0.0793321356
-1.2074900900
1.6304764700
0.5071840290
-0.9034302830
-0.9767062070
0.2095165100
-1.2404271400
0.2141756120
-1.4903911400
-1.1773291800
-0.6730461720
0.7687618730
-0.1489885000
0.4420961140
-0.1397313030
0.4411968290
-1.0271915200
0.4673034850
-0.1479055880
0.7711284160
1.0206857900
-0.1385086480
2.2817094300
0.7368112800
1.3409897100
1.3244191400
-0.1434974970
-0.7079691290
-1.2728320400
1.3396087900
0.4393982590
-0.7230836750
0.1533289400
-1.5700274700
-0.4310540850
2.1858494300
-1.3596674200
0.1498105230
1.8589854200
1.0258710400
-2.2485940500
1.8945007300
0.4356921020
0.7441520690
2.2429201600
-0.6874585150
-0.6443398000
0.9507371780
-0.6671601530
0.9882630710
0.1409310400
-0.2609784310
1.7119485100
1.7140919000
-0.6464550500
3.6409001400
2.5389342300
-0.2556863730
1.3297143000
-1.0417155000
-1.4375767700
1.8141895500
-2.2503221000
0.5505613090
2.6340580000
0.1388927400
0.9197237490
0.9326906200
-1.9344900800
-1.1080801500
-0.2736472790
0.5438497070
0.1463188230
0.1384022680
0.5559472440
1.3836885700
0.9620731470
0.9225646260
0.9479780790
0.9138680100
-0.0147790620
0.2258300480
0.7042285200
1.6650297600
1.6775472200
-0.9324926140
-0.5262273550
-1.5283302100
-1.6387703400
-0.4811044040
1.1426857700
1.8054893000
0.4446215030
-0.9258585570
0.6741145850
-1.4034586000
-0.6903662680
0.2282179300
-0.4729190170
-0.2467446330
-0.9369152780
0.4645365480
-0.7352909450
-0.7199522850
-0.2392065970
0.9774085880
1.9073351600
-0.2517243030
-1.6660983600
0.3429920080
-0.0880635530
-2.5081124300
0.7216861840
1.1494728300
1.1320930700
-0.4810168740
3.3474257000
-0.5155744550
0.3125601710
1.5876638900
1.1675518800
0.7325123550
-0.4939001800
-0.0875384882
-0.0836530253
-0.5616511700
0.3380785290
2.0264475300
1.5738886600
0.3138281700
-0.4878677730
-0.9027225970
0.7285969850
-1.3003877400
0.3251633350
-0.4799256030
-1.3089143000
-1.4015808100
1.5630585000
1.5173628300
0.6648032070
0.6046721340
0.5930193660
-0.3789823650
0.3013370040
0.2790062730
0.9171295170
-0.0510295704
-2.3130161800
0.6042612790
-0.6985613110
0.2803667490
-0.3991615180
-0.3766775130
2.6412572900
0.9188586470
-0.0536714792
-0.0519597270
-1.6800377400
-0.3774301110
-0.3805581330
1.6783118200
-0.6965461370
-1.0881112800
-1.3346512300
-0.3797114490
-0.3693396450
-0.7166101340
-0.7325562240
-0.0513654612
-0.4010430280
-0.0541559383
1.3316479900
-0.9785513880
0.6306933760
-1.1276700500
-0.1759385760
-0.3214643000
-0.1647922100
-0.8220251800
0.3068929020
-0.1656002250
0.4800882640
0.1520577070
-0.3361040060
0.9701557760
-0.0067677400
-0.3433933850
0.4657149020
1.1185773600
-0.4981175360
0.3232347970
0.9580037000
1.4215642200
-0.8152278660
0.8143840430
0.4812173840
-0.7347828750
0.9684779640
0.6343940500
0.3125804360
-0.3292816280
0.4750127200
0.8278962970
-1.8485316000
0.4623975750
-1.9170465500
1.3959406600
0.1764775220
0.7921007280
1.3416283100
0.7600157260
0.4969995320
-1.0380414700
-0.1118857190
-1.5953949700
2.2043545200
0.1763025970
-0.1127987060
1.0421143800
-0.3984412550
0.1771662980
-1.0034562300
-0.7336534860
1.1081757500
-0.6850626470
1.6032804300
-2.1506137800
0.7767242190
-2.2252881500
0.1788212510
1.0546543600
-0.3988889460
-0.1116348280
-0.4007791580
0.7581228610
-2.6493687600
-1.2285147900
-0.2836301030
-0.8569066520
-0.8386791940
-0.5667303200
-1.1563168800
0.8871213200
-2.3849945100
-0.2839362620
0.9249930980
-0.8955060840
0.0207763836
-1.4808912300
1.8574168700
-0.2784121630
0.0210252870
-0.2691713270
-0.2846166790
0.0208047554
-0.2911486630
0.0204978175
0.0217462052
-0.2793264690
0.3193894330
1.1909393100
-1.1671034100
0.6032026410
0.5983527900
0.3186450300
0.3163334430
-0.2650207880
-1.1407862900
0.6620086430
1.6690503400
0.9309223290
1.1863440300
-0.0922724456
-0.3403289620
1.7178095600
0.8981859680
0.6552396420
0.9245616200
1.6604942100
-1.0744205700
0.4119969900
2.0090885200
0.9448875780
0.4099307360
-0.0900307894
-1.9143784000
-0.0893571898
1.2037452500
-0.3300210540
-0.8261979820
0.6564703580
-0.5906758900
0.9474883680
-1.0784755900
-0.3408128020
-1.0965875400
0.9011260270
0.1664579060
0.6780901550
-1.4082485400
-1.6402877600
-1.6195502300
-0.1693093630
0.5744510290
0.3194324670
-0.4050572510
-0.9656764270
-0.4040343760
0.5622019170
-0.6721037030
-0.4022955000
0.8223978280
1.0448546400
0.5657615070
0.8139953020
1.0322189300
1.0439428100
-0.6485853790
0.0797551200
1.0740339800
1.7805693100
-0.1717870680
0.8285496830
-0.6622162460
0.5848156210
-0.4226762060
-0.6480157380
1.0783978700
2.0259592500
2.3392105100
-0.1746933910
0.1053520070
-1.6309436600
1.0930963800
0.4195696710
0.1018732790
2.6493721000
-2.0544009200
1.4294973600
0.7644883990
1.1202620300
-2.0739295500
0.4071857330
-2.1142885700
-0.5611579420
-1.1732450700
-1.2179591700
0.4240875240
0.7277011280
0.4159258310
0.4240746800
-0.2133480910
0.0995184630
-1.1558418300
1.5432915700
1.0586621800
0.4235348700
0.1009986180
0.4124297800
-0.2197963000
0.4075970350
1.4284874200
0.7315877080
-0.7313511970
1.5778843200
1.2300406700
0.2702558930
-0.0616822019
1.2800833000
-0.7202731370
0.9255903360
0.2654264870
-2.0618937000
-0.4018211070
-1.0558643300
-0.0612601414
1.5664618000
-0.3987899120
-0.0629157722
0.6181474330
2.6068232100
-2.5071928500
-1.0563861100
-0.7408178450
1.2592939100
-0.3913485410
0.2713323530
-0.0739142820
0.2670224310
-1.0461463900
0.2676209210
-1.3762322700
-0.7195569870
-0.0648438185
-0.4148207010
0.4801439340
1.2769199600
-0.8957998750
1.6245621400
-0.9544709320
-1.1543438400
0.7256990670
1.9142718300
1.3230707600
-0.0763441995
-1.7751643700
-0.6158314350
-0.0751886219
-0.6473354700
-1.7467910100
-1.1754890700
-0.3526890870
1.5538533900
-1.4231319400
-0.3602685630
0.4927769900
-0.6358777280
0.1995850800
-0.9144704340
-1.5026804200
-2.0132043400
-0.6369368430
0.7401211860
0.4663491850
0.1958784760
0.4786337610
2.2690320000
-1.3428794100
-0.2725608050
0.8029196860
1.0621084000
1.3127710800
-0.0014073938
-0.2669174670
1.3078072100
-0.8304495220
-2.0595603000
0.5303382280
1.0851013700
0.2709029610
-0.8126153950
-0.0014408480
0.2719655930
-1.3456153900
-1.3318525600
-0.0014982107
1.1084251400
1.0785177900
0.8056974410
1.0646227600
-1.0962873700
0.2784896190
0.5598087910
-1.8759720300
1.9309010500
-0.8278608920
-0.0014740345
-0.0014711352
1.1364798500
0.2924219370
-1.8486611800
-1.5937348600
0.2893091440
0.8907113670
0.6038833260
-0.3266074960
-0.9539733530
-0.3290807310
0.2884597780
-0.6250058410
-0.6207308170
-0.6417560580
0.2840740680
2.0850276900
0.8934222460
1.8078308100
-1.8244478700
-0.0216064937
-0.0190245546
-1.5642874200
0.8941967490
-2.4888811100
0.5861145260
-0.0205176100
0.5892158750
-0.9374130960
-0.3264172670
-0.3208199140
0.5877928730
1.8299742900
1.6018085500
-1.4421558400
-0.8595330720
-0.9086976650
0.8229768280
-0.8541291950
-1.1173270900
-0.5798995490
-0.0377853215
-0.5673401360
0.2451387200
-0.3411734700
-1.1744790100
1.3032555600
0.2388516960
0.2365243290
0.7928646800
-0.3113342230
0.2335945520
0.7717220780
-2.2081122400
-1.1908282000
-0.3157025870
-0.3223943110
-0.3281163870
1.0618182400
0.2442058620
1.0826305200
1.8930771400
-0.3077243270
-0.5804048180
-0.5902574660
0.5014851090
1.2524375900
0.9103508000
-0.9203531740
-1.2072873100
-1.1706128100
1.9597655500
0.9182565210
-0.6821407080
0.6863204240
-0.9343892930
0.6771715880
1.2173440500
0.3673229220
0.3739568290
-0.1510246250
-0.6993359920
0.6457421780
-0.4241274600
-0.9555014970
1.4442595200
-2.0897836700
-0.1519743950
0.8907814620
-0.4106517430
-0.4180125000
1.1557864000
-0.3996772170
0.3913997710
-0.4150415660
0.9025843140
-1.4900531800
1.1379519700
-0.4980466370
2.3996787100
-1.4563413900
-0.4895226960
-0.5275361540
0.4779532850
0.4855929320
0.4660758080
0.1538301710
-0.5128449800
-0.8213673230
0.1451017110
0.1428294180
-2.3527774800
0.1482734380
-0.5083151460
-1.1882966800
-0.8142079110
0.4725487830
-0.8379549980
-0.1821517650
-0.8493496180
-0.8538872600
-2.0769865500
1.4666881600
0.4587244390
1.1232368900
1.1260434400
-1.1394866700
-1.5411610600
0.8036410210
0.1461566980
0.0160398297
0.2118171750
-0.3694653810
0.2045131330
0.0143796559
1.1858782800
-0.3880833690
-1.3540719700
0.6318873760
0.3905662890
1.2091337400
0.3810200390
-0.1791376320
-0.5869002940
-0.1996502880
-0.5544453260
-1.5094684400
-0.7202729580
-0.9110826250
0.7470108870
-0.9495582580
-0.3944863080
0.5762137170
0.8349820970
-0.7493669990
1.3170691700
0.2109041660
-0.3785332140
0.0143066812
-1.0835336400
0.3855856360
-0.3605905180
0.3680074810
-0.9860087630
-0.7840590480
-1.3779058500
1.6969544900
0.5826926230
0.3624013660
1.4699987200
0.7869831920
-0.5261085630
0.9364636540
0.1443084330
0.3582205470
1.9194201200
-1.1827304400
-0.7464184170
-0.0837644488
-0.7717059250
-1.1975764000
-0.2926814260
-0.0782221779
0.3674373630
-0.3143194910
0.3610711100
0.6085883980
0.1380860060
0.1389057190
1.2181342800
-1.1839675900
-0.9726775290
0.1374898400
0.7819303270
-0.8149973150
-0.5573625560
0.7798160910
0.7633866070
0.7225083110
0.2332029940
-0.5403063300
-1.0769343400
-0.8434818390
0.2231413870
-0.0319418758
-0.5486899020
-0.7856625320
-0.2912254040
0.2400645320
-1.6636890200
-0.0319418758
0.2157589050
-0.8513469700
-0.2889298800
-0.5644452570
0.4658597410
-0.2969642280
0.2329648440
0.7264201050
2.4669618600
-0.5481117370
2.0218210200
0.2215934540
0.4684109990
-0.2846449020
-0.5339463950
-1.5858446400
0.0406196341
-1.2827009000
0.5980364680
-0.4989483650
0.3143726290
1.3501589300
-0.5031346080
-0.5447354320
-0.7625536320
1.3566988700
0.5680285690
-1.1005439800
0.5792436600
0.6316816810
1.7231378600
-1.0902077000
0.0377374887
-1.2895529300
-0.2574076060
-0.4973784980
-2.4105365300
0.5556010600
0.5619663600
0.8606050010
1.3963025800
-1.3012013400
1.7233548200
1.4191927900
0.5589352250
-1.9327386600
-0.5332886580
-1.2410361800
-0.3094013930
-1.3837659400
1.3034961200
-0.3543266950
-0.1078938540
1.2310882800
-1.6529309700
-0.5317183730
-0.3166162970
-0.1094704490
-0.3117504420
-0.3164485100
-0.1114617510
0.7621679900
0.3340845410
0.5589363570
-0.5272265670
1.2077308900
-2.1486711500
0.7300140260
0.5254228710
-1.1567721400
0.1151781680
0.1149166600
-0.7503702040
1.1647534400
0.3312619920
0.5353633170
0.5336592200
-0.3359119300
0.9576159120
0.2175251390
1.0000259900
1.5829291300
-0.5743247870
2.0859119900
0.7598930600
-0.3003954590
1.2392561400
-0.3056767880
-0.0393691845
0.4806889000
1.0389396000
-0.5570024250
0.5052477720
0.7727124690
-0.3239613770
-1.0780886400
-0.0397761576
1.8746008900
-1.1382703800
-0.6555604930
0.2165875290
0.4911775890
-0.0424000546
-0.5779086950
0.2226819840
-1.6218254600
-0.0412112698
1.2741836300
-0.3110381360
-0.0406115204
-0.8492005470
0.9517471790
1.2549561300
0.9172177910
0.6701483130
-0.3130244910
-1.6094751400
2.1236653300
-0.9094635250
0.3308531940
-0.3065215350
-1.3185985100
-0.3114188020
-1.2256120400
0.3371241390
-2.1634326000
0.3078461590
-0.3068426550
-0.9017193320
-0.9590750340
0.6470201610
0.6482374670
-0.8901029830
0.3107780520
-0.9389884470
-1.5773785100
-1.1894507400
-0.9147877100
-1.8923373200
0.6122062210
1.7875634400
1.5231920500
-1.8143178200
-1.4214844700
0.7116754650
-0.6261296270
-0.3501523730
-1.6421198800
0.4562144280
0.1867849680
-0.8946905730
0.1953418700
0.2024196540
-2.0376236400
-1.2786252500
-1.1220278700
-0.9490327840
-1.1761528300
-0.9208402040
0.1828732340
0.7265020610
0.1868827640
0.1917235260
1.6548832700
0.4461772440
-0.6596839430
-0.0811477080
0.4712702330
-1.4735630800
0.4627864060
0.6968488690
-1.6804121700
1.0330672300
2.0288476900
0.5274307130
-0.6145277020
0.1610130070
0.4115182460
-0.8713846800
0.4428077940
0.9856066110
-0.3595850770
-0.3791359660
-2.1543426500
-0.8607354160
1.7448980800
0.6804723740
-0.6096349950
0.1637527500
-0.1052256670
0.6665121320
0.4130661190
-0.0969131961
0.4269971550
-0.6262702940
-0.3717037740
0.6822621820
-0.6438841220
-1.2017742400
-0.3590170150
0.1591584090
-0.8940721750
0.9148527380
-0.0972808897
-0.8718476890
0.7024866340
0.9425605540
-1.4455448400
-0.1185098070
-1.7369439600
-1.9589390800
-0.3661917150
0.4028305410
-1.4907413700
1.1874167900
1.2011513700
-0.1145903920
-0.8860843180
-1.4046261300
0.4090312120
0.6399254800
0.4304663240
0.9893845320
-0.1123165340
0.4112762810
-0.9006642700
-0.1148297490
1.8200405800
0.1472032670
-0.6634848710
0.6776197550
-0.3949049410
-0.4042649870
0.1546134650
-0.6459764840
-0.6239659190
1.9381457600
-1.1991177800
-0.1117779910
0.1200078060
1.3281656500
-0.1204703150
0.1203883740
1.0947885500
-0.8348622320
0.1233378280
1.4433494800
-1.0844125700
-0.6142898800
0.1227669640
-0.9228814240
-0.1175975130
1.5829888600
-0.3489819470
-0.8674293160
0.1215935270
0.6169876460
-0.8548865910
-1.0855444700
0.1274765730
0.5868868230
-0.1187216490
-1.2813221200
1.4005669400
0.1188660790
0.1205786620
-0.6636216040
-0.6345567110
-0.6230878830
0.1200712320
-1.8282660200
0.3839462100
-0.4001768230
-0.4175569120
-1.7642576700
-0.1501694170
0.3958312270
0.1153383550
-0.1437213720
0.9250950810
2.0750529800
-0.9128415580
0.3787087500
0.3716583250
0.8938581350
1.4327884900
-0.1468288600
-1.0090150800
0.6475682260
-1.7487014500
0.9202893970
1.4365869800
-0.4285281000
0.9229325650
-0.4047390820
-0.1457412390
-1.9088901300
0.3734712900
0.1180609320
-0.1590633840
-0.6590378280
0.3928096000
1.5023007400
-0.3774290680
-0.0285825320
-0.2053426360
-0.3897146280
-0.5703411100
0.3397426010
1.3110753300
-0.7494023440
0.6648175120
0.1580297950
-0.7592833040
0.3353026510
0.6790916320
0.1458901020
0.5017675760
1.3749392000
0.6951500180
-1.0714355700
-0.3774290680
0.1478332280
-0.9005150200
0.6915814880
-0.2126027640
-0.0283527672
-0.2041506620
-0.5538522010
-0.4012449380
1.0261539200
1.0835696500
-0.0318279341
-0.2110315410
0.3176281750
-1.5399041200
1.3563261000
1.3994420800
-1.2300940800
-2.2421271800
-0.5817676780
1.4772701300
-0.6212261920
-0.2621069850
0.0758327097
0.7329645160
-1.6207573400
-1.5587836500
-0.8959057330
0.7279468180
-0.2501319050
0.3974561990
-0.8973338600
0.0750505030
0.3948933480
-0.2542001610
0.0774794519
1.0586819600
0.7670266630
0.4004462060
0.7105780240
-1.9631527700
-0.9432716370
-0.5629422070
0.4250068960
-1.2472778600
2.3574476200
0.0542433634
0.9774241450
0.0579675138
-0.4002607170
0.9799774890
-0.1718669240
0.0535754859
-1.5503252700
0.0540981740
-1.3216412100
-0.3831066790
-0.6191953420
-0.6165378690
0.0540981740
0.4908654690
-0.8653607370
-2.0059166000
0.9621040230
0.9799774890
-0.1676639170
0.5156920550
0.4984213710
-0.4102143050
-0.6661166550
-0.1858408300
1.4883205900
-0.1885876360
-0.6429466610
-0.6069044470
-0.1779887230
-1.9299829000
1.1801179600
-0.4972060320
0.6047211890
-0.2958773080
0.6605416540
1.6767622200
-0.2620330750
-0.9747653600
-0.7208065390
-0.9322560430
0.4159880880
-0.0387411751
-0.7019314170
0.4038635790
0.1842470770
1.5400599200
0.4131983820
-0.6910921930
-1.1256327600
-1.8193756300
-0.0414024256
-0.9150557520
1.0912257400
0.4098722040
-0.7079116700
-0.2803394200
0.1814363750
1.0824278600
-0.5014315840
-0.4750539360
-0.0399447046
-0.4881147150
-0.2541430290
-1.5391932700
-0.9173922540
0.9464011190
-0.6449731590
-0.4196016790
-1.0785725100
0.3165308830
0.0836948901
-0.6164522170
0.0760341659
1.7193815700
0.5304234620
0.0783468410
-0.8980292680
-0.1819611490
-1.1374567700
1.4712530400
-0.8593033550
-0.3911965790
-0.6413037780
0.0794828907
0.7867322560
-0.9841887350
-0.8661777380
-0.8680109380
1.3077282900
0.9753102060
-0.8515123130
0.7647518520
1.5556627500
1.0864352000
-1.3284078800
-0.4340056180
1.5053477300
-0.1886300300
-0.7030353550
-0.4282127020
0.0578723624
1.0431834500
0.3147102300
0.3093925710
-1.1729530100
-0.6727524400
1.4887467600
-1.1192395700
-0.1936178360
0.5476779340
-2.1053261800
1.0570334200
1.3027819400
0.8274815080
-0.1960361750
-0.7492757440
1.2644244400
-1.1816971300
0.0613686293
1.2562050800
0.5605300660
0.3077811300
-0.1975476290
-0.4561345880
1.0370893500
-0.4418840110
1.6488453100
1.0216691500
-0.1320074200
-0.1262360510
-1.0837246200
0.0980339348
-0.3856835370
-1.5182801500
0.0988621041
-0.1257690040
-0.1283044070
-0.3806425630
-1.4681245100
-1.0337148900
-1.5579382200
-0.3659595250
-0.1257022920
1.2155419600
0.8347171550
0.5436648730
-1.2780474400
-2.1930220100
-0.3594774310
0.7981197240
-2.0927469700
-0.5712285040
0.5430874230
-0.1296054570
-1.0196580900
-1.2483866200
1.0193035600
1.2793144000
-0.1255021240
-0.6344354750
-0.7148138880
0.8400371070
-0.6729277370
-0.9601483350
0.5525904300
-0.3427417870
-0.9410458800
0.5370945330
-0.0486374125
-2.7518594300
1.7584520600
-1.4945384300
-0.6502448320
1.2151626300
-0.3423724470
0.5520057080
-0.9669347410
-0.3559454680
-0.0498174317
0.2650562520
0.8246898650
1.7621657800
0.8756969570
-0.6502448320
0.2681235670
0.8797594310
-0.0500483066
0.2497863320
0.8359745740
-2.5533561700
-0.3480971460
1.8928455100
0.8023883700
1.0405964900
-1.4859821800
-0.6370616560
0.2060433180
1.4189510300
0.7778003220
-0.0734261349
-0.6258910890
0.5105237360
-0.3578555880
-0.0771679655
0.7609985470
-1.5025193700
1.2920184100
0.7737023230
0.5181978340
0.7601789240
-1.3607963300
-0.6438317300
-0.3704135720
0.4932244720
-0.0753460303
0.2164835780
2.2119755700
0.4906230570
-1.4237710200
0.2185826750
1.0629749300
-1.7393400700
-2.1100318400
-0.7220972180
-0.4770584700
1.2263324300
-0.2320617140
0.2843932810
0.4907822910
0.0097935554
1.5248187800
0.0099666612
1.9171930600
1.0383371100
0.0103338538
0.0097410995
1.0467315900
-1.6386420700
-0.5054190160
0.2523208560
0.0097043803
1.7506762700
-1.9321079300
0.0099771516
0.7728362080
1.4479793300
-1.2567650100
-0.4843207900
-0.4630347190
0.9562000040
0.4876512890
0.2570452090
-0.2483507840
0.2539178130
1.0197399900
0.6402408480
0.6732732650
-0.4634317460
0.2889804540
-2.4039084900
0.2770984170
-0.0867059380
-1.1649880400
1.1222604500
-1.5321444300
0.6409326200
-0.4493145940
0.2939126190
1.6156418300
-0.4634317460
-0.0901347175
2.0663139800
-0.8435909150
3.1297278400
1.0287783100
-0.8356739880
0.6499257090
0.2961545290
-1.9707583200
0.2835251690
-0.8308358790
1.0493863800
-1.3374139100
-0.8772377970
-0.0889135078
2.4741313500
0.6450833080
-0.3018259110
0.0005926938
-0.5923089390
0.8159269690
0.0005737788
-0.2771001460
-0.2928880750
1.0802546700
-0.8425448540
2.7284965500
0.0005531711
0.5320772530
-0.2655065950
-0.2757404150
-0.2663653790
0.0005499327
0.0005484608
0.5487315650
0.2665988210
1.0521290300
0.0005643581
-0.5652294750
-0.2870834770
-1.3354520800
-0.2610695660
-1.0693987600
1.3315269900
-0.2912342550
1.1724164500
1.0819766500
0.2701917890
0.0005817275
1.4584486500
0.3076865670
0.9750862720
0.3038223680
-1.0675798700
0.3086526100
0.0773660690
0.7482699160
0.2978650630
1.2599818700
0.0739519820
0.0772063434
0.3123557870
-0.6528657670
1.6995083100
0.9819014070
0.3212112490
-0.1556387690
-0.1589252050
-0.4172885120
1.0018224700
-0.1573834270
0.7635900970
-1.0924599200
-0.3836182650
-1.7087845800
-0.8407635090
-0.1526363640
1.0206952100
0.7639932630
-0.6061892510
0.7414161560
1.2089475400
0.2273940290
-0.4406236110
-0.2723355290
1.4224110800
0.0664529279
-0.2888195510
0.7496052980
-0.8051903840
0.2475966360
1.3971962900
0.0668751150
-0.4394652840
0.7214975360
0.0645446181
-0.1013669370
-0.7436927560
-0.4288087790
-0.8373662230
0.3995524050
0.0636326894
0.2311839160
0.7245991230
-0.1006010770
0.5580340030
1.2409509400
-0.2671809200
-0.1036098080
1.2680559200
0.4089300930
0.0635651350
1.6662873000
0.5704251530
-1.6744939100
-0.2661475240
0.8688616160
0.0095957210
-0.2600665690
0.5593749880
-0.8365492820
-0.5442343950
1.7336345900
-1.3638744400
0.3143336770
-0.7995915410
1.9475740200
0.0101704104
0.8831124900
-1.1248860400
0.2867525520
0.5671399830
-1.8704689700
0.3241352440
-0.8591586950
0.2858407800
1.3740214100
-0.5485560300
1.1645258700
0.5596736670
0.5769954920
0.2897917930
1.3828860500
0.0102442233
0.2881202100
1.2802355300
0.5820516350
0.5337925550
0.3351427610
-0.8794782160
1.6472013000
0.5733708740
-0.9758711460
0.5992476340
0.0696394965
1.3768298600
-0.6839672920
-0.1716663690
0.5293786530
1.0094111000
-0.9079249500
-1.1715309600
0.3367839750
0.8561587930
-1.8395655200
0.5502712730
0.0710887313
0.8517771360
0.5579221250
-1.6264779600
1.0929323400
-0.3982627090
-0.6751430630
-2.1151781100
0.3132874370
0.0768570676
1.0710544600
-0.8367447850
-0.0983825028
-0.0988042951
0.4664661590
-0.6061629650
-0.6250516770
1.8135515500
-1.0721944600
1.1247561000
-1.1353660800
-0.1049729730
-0.3420581520
0.6516834500
1.4096291100
0.3853235240
1.1373399500
-0.6069467070
-1.9900653400
-0.5777907370
-0.0990679115
0.9268963930
-1.3878637600
-0.1011241380
1.2910426900
-0.3352829220
1.3855515700
1.4041569200
-0.5784177180
-0.1006496250
-0.3486502770
-0.5793582200
-1.0670259000
0.6036353710
0.3310881850
0.3410063980
-0.1733795110
0.0882123336
-1.2340819800
-1.1799057700
1.3516994700
0.3590395450
-0.6887713070
-2.1834921800
0.9305252430
-0.1696542950
1.1223545100
-0.6833733920
-0.1678590180
-0.4069095250
-0.6758163570
-0.6965082880
-0.4635059240
0.3348751370
1.3531405900
0.6063160900
-0.9140938520
0.0879859179
-0.4309644100
-0.9710081820
1.6747779800
-1.4665103000
-1.2347118900
-0.6880515810
-0.1720779240
0.0049702162
0.5033662320
-0.2294715050
-0.2368820460
0.0050200499
0.9686964750
0.0050856196
0.9933332200
0.7740050550
-0.9465479850
0.7631756660
-0.5022483470
-0.4812083540
0.9844220880
0.9933332200
-1.3702522500
-0.2431426790
-0.5074114800
-1.8665574800
-1.6097372800
-0.2539390920
0.0054033073
0.5259531740
-0.2490839060
1.2260233200
-1.2343795300
1.2705345200
0.2466074080
0.2520609800
1.2751165600
1.9450950600
0.0049282513
1.3496778000
-0.0977973789
-0.5238485340
-0.7974325420
-1.2105995400
-0.0940178856
-0.3051189780
-0.3447720110
0.8308882710
-0.7678315640
0.5520353320
1.6990929800
0.8100744490
0.3532973530
-0.5399365430
0.8015407920
-0.7642435430
0.3521967530
0.7988349800
0.5412405130
-0.5390898590
-0.5337271690
-0.5822205540
-0.7554728980
0.3759086730
-0.3117520210
2.2050731200
-1.1960748400
1.7326074800
-0.0968586802
-0.3165609540
0.7701119180
