0.0157383680
0.0051406026
0.0192709565
0.0334013104
-0.0195875168
0.0086731911
0.0157383680
-0.0089897513
0.0192709565
0.0016080141
-0.0019245744
-0.0089897513
-0.0054571629
0.0051406026
0.0157383680
0.0016080141
-0.0019245744
0.0016080141
0.0051406026
-0.0054571629
0.0122057796
-0.0089897513
-0.0054571629
0.0051406026
0.0051406026
-0.0195875168
-0.0195875168
-0.0125223398
-0.0054571629
-0.0019245744
-0.0019245744
-0.0089897513
0.0071253777
0.0032169819
0.0188505650
-0.0045998096
-0.0045998096
0.0032169819
0.0227589607
0.0071253777
0.0032169819
-0.0085082054
-0.0006914139
0.0188505650
0.0032169819
0.0188505650
0.0071253777
0.0266673565
-0.0045998096
0.0071253777
-0.0006914139
-0.0085082054
0.0032169819
0.0149421692
-0.0045998096
-0.0045998096
0.0266673565
-0.0006914139
-0.0163249969
0.0188505650
0.0110337734
-0.0163249969
-0.0163249969
-0.0319585800
-0.0143485069
0.0027883053
-0.0114923716
0.0056444406
0.0056444406
0.0142128468
-0.0000678301
0.0113567114
0.0027883053
-0.0057801008
-0.0057801008
0.0085005760
0.0027883053
0.0056444406
0.0142128468
-0.0029239655
0.0085005760
-0.0057801008
0.0056444406
-0.0086362362
-0.0172046423
0.0085005760
-0.0029239655
-0.0143485069
0.0142128468
-0.0000678301
0.0056444406
0.0142128468
-0.0257730484
0.0056444406
0.0085005760
-0.0086362362
-0.0214253068
-0.0103765726
-0.0287911296
0.0154038072
0.0117208958
-0.0066936612
0.0006721616
0.0227696300
0.0117208958
0.0080379844
-0.0030107498
-0.0251082182
-0.0140594840
0.0006721616
-0.0030107498
-0.0030107498
0.0043550730
-0.0214253068
-0.0066936612
-0.0030107498
-0.0066936612
-0.0030107498
-0.0324740410
0.0043550730
0.0190867186
0.0190867186
0.0080379844
-0.0177423954
0.0080379844
0.0006721616
-0.0251082182
-0.0324740410
0.0185499191
-0.0151224136
0.0143408775
0.0143408775
-0.0024952889
-0.0024952889
-0.0277495384
-0.0109133720
-0.0024952889
0.0101318359
-0.0151224136
0.0269680023
0.0059227943
0.0017137528
-0.0151224136
0.0101318359
-0.0024952889
0.0143408775
0.0017137528
-0.0151224136
0.0059227943
0.0185499191
0.0311770439
-0.0024952889
0.0059227943
0.0059227943
-0.0024952889
-0.0067043304
-0.0193314552
-0.0319585800
0.0101318359
-0.0024952889
-0.0047705173
0.0094349980
-0.0047705173
0.0046998262
-0.0000353456
-0.0095056891
0.0141701698
-0.0000353456
0.0046998262
-0.0047705173
0.0473163724
-0.0000353456
-0.0047705173
-0.0047705173
0.0094349980
-0.0000353456
-0.0142408609
-0.0095056891
-0.0095056891
-0.0000353456
-0.0047705173
0.0046998262
-0.0189760327
-0.0142408609
-0.0047705173
-0.0189760327
-0.0237112045
-0.0095056891
-0.0047705173
0.0331108570
-0.0189760327
0.0046998262
0.0037765503
0.0136978626
-0.0061447620
0.0269262791
-0.0127589703
0.0203120708
0.0037765503
-0.0028376579
-0.0028376579
-0.0226802826
-0.0061447620
-0.0094518662
0.0004694462
-0.0160660744
-0.0127589703
-0.0028376579
-0.0094518662
-0.0061447620
-0.0094518662
-0.0193731785
0.0070836544
-0.0160660744
-0.0061447620
0.0070836544
-0.0160660744
0.0103907585
-0.0061447620
-0.0028376579
-0.0061447620
-0.0028376579
-0.0028376579
0.0103907585
-0.0068750382
-0.0068750382
0.0225882530
-0.0068750382
-0.0195021629
-0.0152931213
-0.0026659965
-0.0110840797
0.0015430450
0.0057520866
-0.0068750382
-0.0110840797
0.0141701698
-0.0026659965
0.0099611282
0.0394244194
-0.0237112045
0.0015430450
-0.0068750382
-0.0110840797
0.0057520866
-0.0068750382
-0.0110840797
0.0057520866
-0.0110840797
-0.0026659965
0.0057520866
0.0099611282
0.0183792114
-0.0026659965
-0.0026659965
-0.0026659965
-0.0253629684
-0.0080379844
0.0092869997
0.0266119838
0.0058220029
-0.0080379844
-0.0011079907
0.0023570061
0.0058220029
-0.0045729876
-0.0149679780
-0.0080379844
0.0092869997
0.0162169933
-0.0011079907
0.0127519965
0.0092869997
-0.0149679780
0.0162169933
0.0023570061
-0.0045729876
-0.0011079907
-0.0045729876
-0.0045729876
-0.0184329748
0.0058220029
0.0162169933
-0.0011079907
-0.0115029812
-0.0115029812
0.0058220029
-0.0218979716
0.0030210018
-0.0152696371
-0.0204955339
-0.0126566887
-0.0048178434
0.0160857439
-0.0152696371
-0.0022048950
0.0108598471
-0.0022048950
-0.0178825855
0.0108598471
-0.0126566887
-0.0126566887
0.0056339502
0.0030210018
0.0030210018
0.0004080534
-0.0152696371
-0.0048178434
-0.0022048950
0.0056339502
-0.0231084824
-0.0074307919
-0.0074307919
-0.0048178434
0.0056339502
0.0108598471
0.0030210018
0.0056339502
-0.0231084824
0.0082468987
0.0015749931
0.0158894062
-0.0055822134
0.0087321997
0.0051535964
0.0194680095
0.0123108029
0.0051535964
-0.0091608167
-0.0020036101
0.0051535964
-0.0091608167
-0.0055822134
0.0051535964
-0.0055822134
-0.0127394199
-0.0020036101
-0.0020036101
0.0087321997
0.0051535964
0.0123108029
0.0194680095
0.0266252160
-0.0127394199
-0.0091608167
-0.0091608167
0.0087321997
-0.0198966265
-0.0091608167
-0.0270538330
-0.0020036101
-0.0020036101
0.0002371073
-0.0051023960
-0.0051023960
0.0055766106
0.0109161139
0.0029068589
0.0109161139
0.0135858655
0.0029068589
0.0189253688
0.0109161139
-0.0077721477
0.0189253688
-0.0104418993
0.0029068589
-0.0024326444
0.0189253688
-0.0024326444
0.0002371073
-0.0024326444
-0.0104418993
0.0135858655
0.0242648721
-0.0131116509
-0.0104418993
-0.0051023960
0.0082463622
0.0189253688
0.0055766106
-0.0157814026
-0.0077721477
0.0162556171
0.0149971247
0.0051133633
-0.0080649853
-0.0080649853
0.0347646475
-0.0146541595
0.0248808861
-0.0047703981
0.0018187761
-0.0014758110
0.0117025375
0.0051133633
0.0149971247
0.0084079504
0.0051133633
-0.0047703981
-0.0047703981
-0.0146541595
-0.0146541595
-0.0113595724
-0.0047703981
0.0084079504
0.0051133633
0.0182917118
-0.0014758110
-0.0146541595
0.0084079504
0.0117025375
0.0051133633
0.0149971247
-0.0113595724
0.0084079504
-0.0008581877
0.0095368028
0.0095368028
-0.0147181749
-0.0008581877
-0.0285781622
0.0026068091
0.0026068091
0.0060718060
0.0130017996
-0.0112531781
-0.0251131654
-0.0043231845
0.0095368028
-0.0077881813
0.0060718060
0.0130017996
0.0026068091
0.0130017996
-0.0008581877
-0.0147181749
-0.0112531781
0.0060718060
0.0026068091
-0.0355081558
-0.0112531781
0.0095368028
-0.0043231845
-0.0077881813
0.0060718060
-0.0147181749
0.0026068091
0.0053229332
0.0053229332
0.0082767010
-0.0064921379
-0.0005846024
0.0171380043
0.0053229332
0.0141842365
0.0289530754
-0.0064921379
-0.0064921379
-0.0123996735
-0.0094459057
-0.0064921379
-0.0064921379
-0.0005846024
0.0053229332
0.0082767010
-0.0005846024
0.0171380043
-0.0005846024
0.0112304688
0.0112304688
-0.0035383701
-0.0035383701
-0.0035383701
0.0141842365
-0.0005846024
-0.0035383701
0.0082767010
-0.0064921379
-0.0005846024
-0.0013225079
0.0078796148
0.0017448664
0.0048122406
0.0262838602
0.0048122406
0.0017448664
-0.0135920048
0.0201491117
-0.0074572563
0.0109469891
0.0170817375
0.0048122406
-0.0135920048
0.0078796148
0.0017448664
0.0262838602
-0.0043898821
-0.0043898821
-0.0135920048
-0.0074572563
0.0201491117
0.0017448664
-0.0105246305
0.0048122406
0.0017448664
-0.0105246305
-0.0197267532
-0.0013225079
-0.0105246305
0.0109469891
-0.0043898821
0.0122041702
-0.0009088516
0.0220389366
-0.0205783844
0.0122041702
0.0056476593
-0.0041871071
0.0056476593
0.0023694038
0.0023694038
0.0089259148
-0.0074653626
0.0023694038
-0.0009088516
0.0122041702
0.0056476593
0.0187606812
-0.0041871071
-0.0271348953
0.0089259148
-0.0107436180
0.0089259148
0.0023694038
-0.0140218735
-0.0074653626
-0.0074653626
0.0023694038
0.0056476593
0.0122041702
0.0122041702
0.0122041702
0.0089259148
-0.0097332001
0.0033798218
-0.0097332001
-0.0149784088
-0.0071105957
0.0033798218
0.0164928436
-0.0097332001
0.0164928436
0.0060024262
0.0060024262
0.0112476349
0.0086250305
0.0112476349
-0.0044879913
0.0112476349
-0.0044879913
0.0086250305
-0.0044879913
-0.0176010132
-0.0044879913
-0.0071105957
0.0007572174
0.0033798218
0.0086250305
-0.0018653870
0.0217380524
-0.0044879913
0.0060024262
0.0033798218
0.0060024262
-0.0044879913
0.0064587593
-0.0015729666
-0.0055888295
-0.0055888295
0.0225222111
-0.0096046925
-0.0256681442
-0.0256681442
-0.0015729666
0.0024428964
-0.0015729666
0.0064587593
0.0064587593
0.0185063481
-0.0055888295
0.0104746222
0.0144904852
0.0144904852
0.0024428964
-0.0136205554
-0.0015729666
0.0024428964
0.0064587593
-0.0015729666
0.0104746222
-0.0256681442
-0.0136205554
-0.0216522813
0.0024428964
0.0345697999
-0.0055888295
0.0024428964
0.0156378746
-0.0138664246
0.0038361549
-0.0109159946
0.0038361549
-0.0079655647
0.0097370148
0.0067865849
0.0067865849
-0.0256681442
-0.0227177143
-0.0256681442
-0.0079655647
-0.0050151348
0.0038361549
-0.0020647049
0.0126874447
0.0185883045
-0.0050151348
0.0038361549
0.0067865849
0.0038361549
-0.0050151348
0.0185883045
0.0156378746
0.0008857250
0.0097370148
0.0185883045
0.0126874447
-0.0050151348
-0.0197672844
0.0156378746
-0.0060197711
0.0163543224
0.0003728271
-0.0060197711
-0.0124123693
0.0035691261
0.0259432197
0.0227469206
-0.0124123693
0.0067654252
-0.0188049674
-0.0156086683
0.0035691261
0.0163543224
-0.0220012665
0.0067654252
-0.0156086683
0.0099617243
0.0003728271
-0.0124123693
-0.0188049674
-0.0060197711
-0.0124123693
0.0035691261
0.0035691261
-0.0028234720
0.0003728271
-0.0220012665
0.0067654252
0.0227469206
-0.0092160702
-0.0124123693
-0.0117440224
-0.0179727077
0.0131707191
0.0069420338
0.0100563765
0.0131707191
0.0131707191
-0.0086296797
-0.0117440224
0.0225137472
-0.0148583651
0.0100563765
0.0100563765
-0.0055153370
0.0193994045
-0.0055153370
-0.0055153370
0.0069420338
0.0069420338
-0.0024009943
0.0225137472
0.0225137472
-0.0117440224
0.0162850618
0.0007133484
-0.0242013931
0.0100563765
-0.0117440224
0.0069420338
-0.0242013931
0.0069420338
0.0069420338
0.0157563686
0.0105931163
0.0105931163
-0.0203863978
0.0105931163
-0.0152231455
-0.0462026596
0.0002666116
0.0054298639
-0.0203863978
0.0002666116
0.0002666116
0.0157563686
0.0105931163
0.0105931163
0.0054298639
0.0312461257
0.0002666116
0.0054298639
-0.0255496502
-0.0358761549
0.0054298639
0.0157563686
-0.0152231455
0.0105931163
-0.0100598931
0.0054298639
0.0054298639
-0.0203863978
0.0002666116
0.0105931163
-0.0152231455
-0.0142381191
0.0218226910
0.0146105289
-0.0034198761
-0.0286624432
-0.0070259571
0.0073983669
0.0110044479
0.0001862049
-0.0070259571
0.0001862049
-0.0106320381
-0.0178442001
-0.0070259571
0.0146105289
0.0037922859
0.0073983669
-0.0106320381
0.0218226910
-0.0106320381
-0.0034198761
-0.0322685242
0.0110044479
-0.0142381191
0.0073983669
0.0073983669
0.0073983669
-0.0034198761
-0.0250563622
0.0110044479
-0.0070259571
-0.0034198761
0.0029151440
-0.0039137602
-0.0107426643
-0.0039137602
-0.0073282123
0.0131585002
-0.0141571164
0.0097440481
0.0268163085
-0.0209860206
0.0097440481
-0.0039137602
-0.0004993081
0.0029151440
-0.0107426643
-0.0073282123
-0.0039137602
-0.0004993081
-0.0004993081
-0.0141571164
-0.0004993081
-0.0039137602
-0.0209860206
-0.0175715685
-0.0073282123
0.0165729523
-0.0244004726
0.0199874043
-0.0004993081
-0.0004993081
-0.0141571164
0.0029151440
0.0087343454
0.0011866093
0.0049604773
0.0125082135
-0.0101349950
0.0125082135
0.0011866093
0.0049604773
-0.0139088631
0.0011866093
0.0011866093
0.0238298178
0.0200559497
-0.0025872588
-0.0101349950
-0.0139088631
-0.0025872588
-0.0025872588
-0.0290043354
-0.0025872588
0.0049604773
-0.0063611269
0.0200559497
0.0011866093
0.0087343454
0.0200559497
-0.0063611269
-0.0025872588
0.0276036859
0.0087343454
0.0200559497
0.0162820816
-0.0196048617
-0.0093615055
0.0008818507
0.0281974673
0.0111252069
0.0042963028
0.0077107549
0.0145396590
0.0077107549
-0.0025326014
-0.0093615055
0.0008818507
0.0008818507
0.0042963028
-0.0196048617
-0.0059470534
-0.0161904097
0.0008818507
-0.0196048617
-0.0025326014
0.0042963028
0.0077107549
-0.0025326014
-0.0093615055
0.0111252069
0.0179541111
0.0077107549
-0.0093615055
-0.0230193138
0.0077107549
-0.0059470534
-0.0161904097
0.0142778158
0.0038547516
0.0003803968
0.0003803968
-0.0030939579
0.0212265253
-0.0030939579
-0.0100426674
-0.0135170221
-0.0065683126
0.0003803968
-0.0030939579
-0.0030939579
-0.0030939579
0.0003803968
-0.0135170221
0.0177521706
0.0073291063
-0.0065683126
-0.0239400864
0.0073291063
0.0003803968
0.0212265253
0.0038547516
0.0247008801
-0.0100426674
0.0177521706
-0.0065683126
0.0003803968
-0.0065683126
0.0003803968
0.0038547516
-0.0239400864
-0.0071673393
0.0120015144
-0.0023751259
-0.0119595528
-0.0023751259
0.0000209808
-0.0095634460
0.0120015144
0.0048131943
-0.0119595528
-0.0143556595
0.0048131943
0.0096054077
0.0024170876
-0.0143556595
0.0024170876
-0.0167517662
-0.0191478729
-0.0215439796
-0.0071673393
-0.0023751259
-0.0143556595
-0.0071673393
-0.0047712326
-0.0143556595
-0.0119595528
-0.0047712326
0.0096054077
0.0072093010
0.0096054077
0.0096054077
0.0038340688
-0.0028151274
-0.0005987287
0.0016176701
0.0104832649
0.0082668662
-0.0138971210
-0.0005987287
-0.0094643235
-0.0050315261
-0.0072479248
0.0104832649
-0.0161135197
0.0082668662
0.0038340688
0.0126996636
-0.0094643235
-0.0050315261
-0.0005987287
-0.0094643235
0.0171324611
0.0149160624
0.0060504675
0.0016176701
0.0016176701
0.0060504675
0.0082668662
-0.0005987287
0.0149160624
0.0126996636
-0.0116807222
0.0038340688
-0.0125465393
0.0130318999
-0.0015843511
-0.0162006021
-0.0125465393
0.0166859627
0.0057237744
0.0057237744
-0.0088924766
0.0166859627
0.0276481509
-0.0015843511
0.0020697117
0.0020697117
0.0057237744
-0.0198546648
-0.0088924766
0.0020697117
-0.0088924766
0.0239940882
-0.0125465393
0.0093778372
-0.0088924766
-0.0271627903
0.0020697117
0.0057237744
-0.0088924766
-0.0162006021
0.0239940882
-0.0015843511
0.0166859627
0.0020697117
0.0077518225
-0.0005147457
-0.0060257912
-0.0142923594
-0.0032702684
0.0105073452
0.0022407770
0.0022407770
-0.0115368366
-0.0170478821
0.0105073452
-0.0142923594
0.0049962997
0.0077518225
-0.0060257912
0.0022407770
-0.0142923594
-0.0115368366
0.0022407770
0.0187739134
0.0022407770
-0.0060257912
-0.0225589275
-0.0005147457
-0.0060257912
-0.0170478821
0.0049962997
0.0105073452
-0.0060257912
-0.0005147457
-0.0060257912
-0.0032702684
-0.0013809204
-0.0074033737
0.0106639862
-0.0043921471
-0.0013809204
-0.0074033737
-0.0043921471
0.0166864395
-0.0134258270
0.0046415329
-0.0043921471
-0.0043921471
0.0227088928
-0.0104146004
-0.0104146004
-0.0074033737
0.0046415329
-0.0164370537
0.0046415329
-0.0043921471
0.0016303062
0.0227088928
-0.0224595070
-0.0043921471
-0.0104146004
0.0076527595
-0.0043921471
-0.0134258270
0.0046415329
-0.0104146004
0.0046415329
-0.0104146004
-0.0097857714
-0.0003004074
0.0139276385
0.0234130025
-0.0097857714
-0.0145284534
0.0044422746
0.0091849565
-0.0382418633
0.0044422746
-0.0050430894
-0.0097857714
0.0091849565
0.0281556845
-0.0192711353
-0.0050430894
-0.0240138173
0.0234130025
-0.0145284534
-0.0003004074
0.0044422746
-0.0003004074
0.0139276385
0.0044422746
0.0044422746
-0.0192711353
-0.0003004074
0.0091849565
0.0091849565
0.0234130025
0.0044422746
-0.0192711353
-0.0061559677
0.0119113922
0.0119113922
-0.0169963837
0.0335922241
-0.0097694397
-0.0025424957
-0.0169963837
0.0046844482
-0.0169963837
0.0119113922
-0.0061559677
0.0046844482
-0.0133829117
-0.0097694397
-0.0025424957
0.0119113922
-0.0025424957
-0.0097694397
0.0010709763
-0.0061559677
0.0046844482
-0.0133829117
-0.0061559677
-0.0097694397
-0.0169963837
-0.0025424957
0.0227518082
0.0082979202
0.0010709763
0.0119113922
-0.0025424957
-0.0101134777
-0.0070269704
0.0084055662
0.0114920735
0.0022325516
-0.0039404631
-0.0224595070
0.0238381028
0.0145785809
0.0053190589
-0.0101134777
0.0114920735
0.0084055662
-0.0101134777
0.0145785809
-0.0070269704
-0.0070269704
0.0084055662
-0.0008539557
-0.0070269704
0.0084055662
-0.0039404631
0.0022325516
-0.0070269704
-0.0101134777
-0.0008539557
-0.0193729997
-0.0070269704
0.0022325516
0.0114920735
-0.0193729997
0.0053190589
-0.0062990189
0.0009279251
-0.0026855469
-0.0026855469
0.0117683411
-0.0135259628
-0.0135259628
0.0189952850
-0.0171394348
0.0117683411
0.0009279251
-0.0026855469
0.0153818130
0.0045413971
0.0081548691
0.0009279251
0.0153818130
-0.0026855469
-0.0352067947
-0.0243663788
0.0189952850
-0.0026855469
0.0153818130
0.0117683411
0.0081548691
0.0081548691
0.0045413971
0.0153818130
0.0045413971
0.0153818130
-0.0026855469
0.0009279251
0.0017750859
-0.0020642281
-0.0135821700
-0.0212607980
0.0017750859
-0.0097428560
-0.0212607980
0.0094537139
-0.0059035420
-0.0289394259
-0.0059035420
0.0017750859
-0.0059035420
-0.0020642281
0.0248109698
0.0017750859
-0.0251001120
0.0056143999
-0.0020642281
-0.0020642281
0.0056143999
0.0056143999
0.0017750859
0.0017750859
0.0017750859
-0.0174214840
0.0056143999
-0.0327787399
0.0209716558
0.0056143999
-0.0135821700
-0.0059035420
-0.0254945755
0.0151569843
0.0029615164
-0.0173642635
-0.0092339516
-0.0051687956
0.0029615164
0.0029615164
-0.0051687956
-0.0051687956
0.0110918283
-0.0214294195
0.0070266724
-0.0254945755
-0.0214294195
-0.0011036396
0.0070266724
-0.0051687956
-0.0092339516
-0.0011036396
-0.0011036396
0.0110918283
-0.0132991076
0.0314176083
0.0029615164
-0.0254945755
-0.0092339516
0.0029615164
0.0354827642
-0.0051687956
0.0029615164
-0.0173642635
-0.0070708990
0.0278593302
0.0060279369
0.0234930515
0.0234930515
0.0147604942
-0.0070708990
-0.0114371777
0.0060279369
-0.0070708990
-0.0114371777
0.0060279369
-0.0114371777
-0.0027046204
-0.0114371777
-0.0114371777
-0.0070708990
-0.0376348495
0.0060279369
0.0016616583
-0.0027046204
-0.0114371777
-0.0027046204
-0.0070708990
-0.0027046204
-0.0158034563
0.0147604942
-0.0070708990
-0.0158034563
-0.0070708990
0.0147604942
0.0147604942
-0.0108897686
0.0011980534
-0.0139117241
0.0011980534
-0.0018239021
0.0193297863
-0.0199556351
-0.0018239021
0.0072419643
-0.0169336796
-0.0018239021
0.0072419643
-0.0048458576
0.0193297863
0.0011980534
0.0253736973
-0.0018239021
-0.0199556351
0.0011980534
-0.0108897686
-0.0078678131
0.0102639198
-0.0018239021
-0.0139117241
-0.0108897686
0.0042200088
-0.0139117241
-0.0108897686
-0.0018239021
0.0072419643
0.0132858753
0.0042200088
-0.0210285187
0.0033795834
0.0131428242
0.0229060650
-0.0405550003
-0.0015020370
-0.0112652779
0.0033795834
-0.0112652779
0.0082612038
-0.0015020370
0.0131428242
0.0326693058
-0.0161468983
-0.0112652779
0.0326693058
0.0033795834
0.0082612038
-0.0015020370
0.0033795834
-0.0015020370
-0.0112652779
-0.0112652779
-0.0063836575
0.0180244446
-0.0063836575
0.0180244446
-0.0015020370
0.0033795834
-0.0210285187
-0.0161468983
0.0033795834
-0.0023245811
0.0014722347
0.0052690506
0.0166594982
-0.0099182129
0.0090658665
-0.0099182129
-0.0175118446
0.0014722347
-0.0061213970
-0.0061213970
-0.0061213970
0.0090658665
-0.0251054764
0.0090658665
0.0166594982
-0.0061213970
-0.0099182129
0.0014722347
-0.0213086605
0.0318467617
-0.0175118446
-0.0023245811
0.0128626823
0.0204563141
0.0014722347
-0.0099182129
0.0052690506
-0.0061213970
0.0052690506
-0.0099182129
-0.0061213970
0.0168681145
0.0059425831
0.0023007393
-0.0268340111
0.0023007393
-0.0195503235
0.0059425831
-0.0304758549
0.0132262707
0.0205099583
0.0132262707
-0.0049829483
-0.0341176987
0.0023007393
-0.0122666359
0.0023007393
-0.0013411045
-0.0341176987
0.0023007393
0.0095844269
0.0023007393
0.0023007393
0.0132262707
0.0132262707
0.0168681145
-0.0013411045
0.0168681145
0.0059425831
-0.0013411045
0.0205099583
-0.0086247921
0.0168681145
0.0130891800
0.0130891800
0.0070452690
-0.0020205975
0.0161111355
-0.0050425530
-0.0050425530
-0.0231742859
-0.0020205975
0.0040233135
0.0010013580
0.0191330910
0.0100672245
-0.0110864639
0.0130891800
0.0010013580
0.0010013580
-0.0231742859
0.0040233135
0.0010013580
0.0221550465
0.0191330910
-0.0171303749
-0.0110864639
-0.0171303749
-0.0110864639
-0.0020205975
-0.0110864639
0.0040233135
-0.0050425530
0.0040233135
-0.0080645084
-0.0052154064
-0.0175356865
-0.0052154064
-0.0134289265
-0.0011086464
0.0276386738
-0.0134289265
0.0071048737
-0.0134289265
-0.0052154064
0.0112116337
0.0153183937
-0.0093221664
0.0029981136
0.0071048737
-0.0175356865
-0.0257492065
-0.0093221664
0.0029981136
-0.0052154064
-0.0175356865
-0.0093221664
-0.0093221664
0.0071048737
-0.0216424465
-0.0093221664
-0.0052154064
0.0029981136
0.0153183937
-0.0093221664
0.0358521938
-0.0011086464
0.0090062618
0.0032722950
-0.0024616718
0.0118732452
-0.0225305557
0.0032722950
-0.0139296055
-0.0053286552
-0.0081956387
0.0032722950
0.0118732452
0.0176072121
0.0147402287
-0.0053286552
0.0004053116
0.0118732452
0.0090062618
-0.0110626221
-0.0110626221
0.0118732452
0.0204741955
0.0004053116
-0.0110626221
0.0032722950
0.0061392784
0.0061392784
0.0061392784
0.0004053116
-0.0081956387
0.0204741955
-0.0139296055
-0.0024616718
-0.0100135803
-0.0070691109
0.0047087669
0.0017642975
0.0047087669
-0.0011801720
0.0017642975
-0.0011801720
-0.0041246414
-0.0100135803
0.0105977058
0.0017642975
-0.0188469887
-0.0011801720
-0.0188469887
-0.0129580498
-0.0041246414
0.0017642975
0.0017642975
-0.0276803970
0.0135421753
0.0076532364
0.0047087669
-0.0129580498
-0.0129580498
-0.0129580498
0.0017642975
-0.0041246414
-0.0041246414
-0.0159025192
0.0164866447
0.0047087669
-0.0044347644
0.0039541125
0.0207318664
-0.0044347644
-0.0044347644
0.0039541125
0.0291207433
-0.0002403259
0.0165374279
0.0249263048
0.0081485510
-0.0128236413
-0.0128236413
0.0291207433
0.0165374279
0.0123429894
-0.0044347644
-0.0002403259
-0.0337958336
-0.0128236413
0.0039541125
-0.0212125182
0.0165374279
-0.0002403259
-0.0044347644
-0.0212125182
-0.0254069567
-0.0086292028
-0.0086292028
0.0165374279
-0.0044347644
-0.0170180798
-0.0040179491
0.0175534487
-0.0040179491
0.0247439146
-0.0076131821
-0.0112084150
0.0031725168
0.0319343805
-0.0004227161
-0.0219941139
0.0103629827
0.0031725168
-0.0076131821
0.0175534487
0.0031725168
0.0175534487
-0.0040179491
-0.0112084150
0.0067677498
-0.0004227161
0.0103629827
0.0283391476
-0.0148036480
0.0031725168
-0.0219941139
-0.0076131821
0.0031725168
0.0103629827
0.0103629827
-0.0004227161
-0.0112084150
0.0031725168
-0.0124869347
-0.0055627823
0.0082855225
-0.0055627823
-0.0021007061
-0.0021007061
0.0048234463
0.0117475986
-0.0124869347
0.0186717510
0.0152096748
0.0117475986
0.0117475986
0.0013613701
-0.0021007061
0.0013613701
0.0117475986
0.0152096748
-0.0124869347
-0.0055627823
-0.0055627823
0.0013613701
0.0013613701
-0.0055627823
0.0013613701
0.0117475986
-0.0021007061
-0.0332593918
0.0013613701
-0.0090248585
-0.0124869347
-0.0159490108
0.0104770660
0.0104770660
0.0072813034
-0.0214805603
-0.0182847977
-0.0023059845
-0.0086975098
0.0072813034
-0.0023059845
0.0008897781
0.0168685913
0.0008897781
0.0040855408
0.0168685913
-0.0246763229
-0.0023059845
0.0072813034
-0.0023059845
-0.0118932724
-0.0023059845
-0.0214805603
0.0072813034
0.0072813034
0.0072813034
0.0040855408
0.0072813034
-0.0150890350
-0.0086975098
-0.0182847977
-0.0055017471
0.0200643539
0.0232601166
-0.0116706491
0.0079033971
-0.0018836260
-0.0018836260
0.0013787150
0.0274774432
-0.0084083080
0.0176904202
0.0144280791
-0.0214576721
0.0046410561
0.0242151022
-0.0051459670
-0.0116706491
-0.0214576721
0.0079033971
-0.0051459670
-0.0084083080
-0.0116706491
-0.0116706491
0.0046410561
-0.0051459670
-0.0084083080
-0.0116706491
-0.0084083080
0.0079033971
-0.0116706491
0.0176904202
-0.0181953311
-0.0051459670
0.0046410561
0.0046410561
0.0149225593
-0.0192321539
-0.0154371858
0.0263074636
0.0263074636
0.0301024318
0.0111275911
-0.0002573133
0.0073326230
-0.0040522814
-0.0116422176
-0.0002573133
-0.0040522814
0.0073326230
-0.0154371858
0.0149225593
0.0111275911
0.0035376549
0.0187175274
0.0035376549
-0.0268220901
0.0035376549
-0.0192321539
-0.0002573133
-0.0154371858
-0.0078472495
0.0073326230
-0.0268220901
0.0073326230
0.0149225593
-0.0002573133
-0.0154371858
-0.0197724104
0.0086565614
0.0045952797
0.0167791247
0.0086565614
-0.0278949738
0.0045952797
-0.0116498470
0.0045952797
0.0127178431
-0.0278949738
0.0127178431
-0.0075885653
0.0045952797
-0.0035272837
-0.0035272837
-0.0116498470
0.0005339980
0.0005339980
0.0045952797
0.0086565614
-0.0075885653
0.0005339980
0.0005339980
0.0045952797
-0.0157111287
0.0330242515
0.0086565614
0.0289629698
-0.0035272837
-0.0075885653
0.0045952797
0.0182154179
0.0012379289
0.0148199201
-0.0157395601
0.0148199201
-0.0021575689
0.0080289245
0.0012379289
-0.0021575689
0.0250064135
0.0012379289
0.0114244223
0.0012379289
-0.0089485645
-0.0055530667
0.0080289245
-0.0123440623
-0.0191350579
0.0012379289
0.0080289245
0.0046334267
0.0012379289
0.0012379289
-0.0055530667
-0.0055530667
-0.0089485645
-0.0123440623
-0.0225305557
0.0284019113
-0.0089485645
0.0012379289
0.0114244223
-0.0022826195
0.0115845203
-0.0057494044
0.0219848752
0.0046509504
-0.0126829743
0.0046509504
0.0081177354
-0.0196165442
-0.0126829743
0.0185180902
-0.0196165442
-0.0022826195
0.0150513053
-0.0022826195
0.0046509504
0.0011841655
-0.0196165442
0.0081177354
-0.0057494044
0.0115845203
-0.0022826195
0.0011841655
0.0081177354
0.0150513053
0.0011841655
-0.0300168991
0.0115845203
0.0046509504
-0.0092161894
0.0115845203
-0.0057494044
0.0098074079
0.0175899863
-0.0096490383
-0.0018664599
-0.0018664599
-0.0135403275
-0.0252141953
-0.0057577491
-0.0135403275
-0.0018664599
-0.0018664599
0.0331551433
-0.0096490383
-0.0057577491
0.0020248294
-0.0213229060
-0.0135403275
-0.0174316168
0.0253725648
-0.0252141953
-0.0135403275
-0.0135403275
0.0175899863
-0.0018664599
-0.0135403275
-0.0135403275
-0.0096490383
-0.0096490383
-0.0018664599
-0.0018664599
-0.0135403275
0.0059161186
0.0084953904
-0.0147108436
0.0142969489
0.0142969489
-0.0147108436
-0.0176116228
0.0055946112
0.0171977282
0.0171977282
0.0055946112
0.0200985074
0.0171977282
0.0084953904
-0.0002069473
-0.0089092851
0.0113961697
-0.0176116228
0.0200985074
-0.0002069473
-0.0234131813
0.0171977282
0.0084953904
0.0055946112
0.0026938319
0.0055946112
0.0142969489
-0.0176116228
0.0113961697
-0.0089092851
-0.0089092851
-0.0089092851
-0.0176116228
-0.0066202283
-0.0021629334
-0.0021629334
0.0067516565
0.0290381312
0.0067516565
-0.0066202283
0.0112089515
-0.0199921131
-0.0021629334
0.0245808363
0.0201235414
-0.0066202283
0.0201235414
-0.0110775232
-0.0244494081
0.0067516565
-0.0155348182
-0.0021629334
-0.0110775232
0.0067516565
0.0067516565
-0.0066202283
-0.0155348182
0.0201235414
-0.0110775232
-0.0378212929
0.0022943616
-0.0110775232
-0.0244494081
-0.0021629334
0.0022943616
-0.0167282820
0.0015254021
0.0015254021
-0.0015168786
0.0045676827
-0.0228128433
-0.0228128433
-0.0045591593
0.0106522441
0.0167368054
0.0228213668
-0.0015168786
0.0136945248
-0.0045591593
0.0045676827
0.0045676827
0.0015254021
0.0106522441
0.0076099634
-0.0197705626
0.0136945248
0.0228213668
-0.0228128433
-0.0106437206
-0.0228128433
0.0045676827
-0.0076014400
-0.0197705626
-0.0106437206
-0.0167282820
-0.0076014400
0.0045676827
0.0048871040
-0.0057255030
-0.0057255030
-0.0057255030
0.0154997110
-0.0057255030
-0.0057255030
-0.0163381100
-0.0234131813
0.0296498537
0.0154997110
-0.0021879673
-0.0163381100
0.0048871040
0.0084246397
0.0119621754
0.0154997110
-0.0057255030
0.0013495684
0.0084246397
0.0013495684
-0.0057255030
-0.0057255030
0.0154997110
0.0084246397
-0.0092630386
-0.0128005743
-0.0163381100
-0.0021879673
-0.0234131813
-0.0057255030
-0.0057255030
0.0046509504
-0.0092161894
-0.0126829743
0.0150513053
0.0046509504
-0.0161497593
-0.0022826195
-0.0092161894
-0.0265501142
0.0185180902
0.0115845203
-0.0057494044
-0.0092161894
-0.0126829743
-0.0196165442
0.0219848752
-0.0092161894
0.0011841655
-0.0057494044
-0.0265501142
0.0081177354
-0.0126829743
-0.0126829743
-0.0057494044
-0.0092161894
-0.0057494044
0.0011841655
-0.0022826195
-0.0092161894
0.0115845203
-0.0092161894
-0.0300168991
-0.0057723522
0.0052647591
0.0163018703
0.0199809074
-0.0131304264
0.0052647591
0.0163018703
0.0310180187
0.0126228333
0.0163018703
0.0052647591
-0.0131304264
-0.0094513893
-0.0020933151
0.0199809074
0.0015857220
0.0163018703
0.0015857220
0.0052647591
0.0126228333
0.0199809074
-0.0168094635
0.0383760929
0.0163018703
-0.0057723522
0.0126228333
0.0052647591
0.0015857220
-0.0057723522
-0.0057723522
0.0163018703
0.0236599445
-0.0088534355
0.0066933632
-0.0049667358
-0.0127401352
0.0028066635
-0.0088534355
-0.0010800362
0.0261268616
0.0066933632
0.0028066635
0.0105800629
0.0028066635
-0.0166268349
-0.0321736336
0.0261268616
-0.0010800362
0.0105800629
0.0144667625
-0.0049667358
-0.0010800362
-0.0205135345
0.0066933632
0.0144667625
-0.0049667358
-0.0010800362
-0.0282869339
-0.0010800362
-0.0088534355
0.0066933632
-0.0205135345
0.0066933632
-0.0010800362
0.0064394474
-0.0227108002
-0.0052206516
0.0122694969
0.0210145712
-0.0081356764
-0.0168807507
0.0064394474
-0.0052206516
-0.0023056269
-0.0168807507
0.0122694969
-0.0110507011
0.0093544722
0.0064394474
0.0122694969
-0.0197957754
0.0006093979
0.0064394474
-0.0168807507
-0.0023056269
-0.0081356764
0.0210145712
0.0006093979
-0.0110507011
-0.0110507011
-0.0227108002
0.0093544722
-0.0052206516
-0.0052206516
-0.0023056269
-0.0110507011
-0.0008887053
-0.0054481030
-0.0100075006
0.0173488855
-0.0008887053
0.0127894878
0.0219082832
-0.0008887053
0.0219082832
0.0355864763
-0.0145668983
-0.0191262960
0.0036706924
-0.0145668983
0.0036706924
0.0036706924
-0.0145668983
-0.0054481030
-0.0008887053
0.0127894878
-0.0054481030
0.0036706924
0.0082300901
-0.0054481030
0.0036706924
0.0127894878
-0.0054481030
-0.0100075006
0.0082300901
-0.0008887053
-0.0328044891
-0.0100075006
-0.0020728111
0.0120538473
0.0073449612
0.0073449612
0.0167627335
-0.0114905834
-0.0020728111
-0.0020728111
-0.0020728111
-0.0067816973
0.0214716196
-0.0397439003
0.0026360750
0.0026360750
0.0214716196
-0.0114905834
-0.0020728111
0.0120538473
-0.0256172419
0.0073449612
-0.0161994696
-0.0114905834
0.0214716196
-0.0303261280
-0.0114905834
0.0073449612
-0.0067816973
0.0120538473
0.0073449612
0.0073449612
0.0308893919
-0.0020728111
0.0112470388
0.0054169893
-0.0062431097
-0.0004130602
-0.0033280849
0.0141620636
-0.0033280849
0.0112470388
-0.0062431097
-0.0004130602
-0.0091581345
-0.0179032087
0.0199921131
0.0083320141
-0.0033280849
-0.0149881840
0.0229071379
0.0112470388
0.0141620636
-0.0004130602
0.0170770884
-0.0091581345
0.0199921131
-0.0120731592
-0.0062431097
0.0170770884
0.0083320141
-0.0208182335
-0.0033280849
0.0083320141
-0.0062431097
-0.0179032087
0.0058772564
-0.0015971661
0.0283005238
0.0133516788
-0.0053343773
0.0058772564
0.0096144676
0.0170888901
-0.0202832222
-0.0090715885
-0.0053343773
0.0283005238
0.0283005238
0.0133516788
0.0170888901
-0.0128087997
0.0245633125
-0.0277576447
0.0021400452
-0.0202832222
-0.0015971661
0.0021400452
0.0058772564
-0.0090715885
0.0058772564
0.0208261013
-0.0165460110
-0.0202832222
-0.0053343773
0.0058772564
0.0133516788
0.0096144676
-0.0021353960
0.0143083334
-0.0021353960
0.0060864687
-0.0309119225
-0.0226900578
0.0266411304
0.0101974010
0.0101974010
-0.0103572607
-0.0021353960
-0.0144681931
0.0184192657
-0.0021353960
-0.0021353960
0.0019755363
0.0060864687
-0.0103572607
0.0101974010
0.0019755363
-0.0103572607
0.0019755363
0.0060864687
-0.0062463284
-0.0062463284
0.0060864687
0.0143083334
0.0060864687
-0.0021353960
0.0143083334
0.0019755363
-0.0021353960
0.0027916431
0.0066035986
0.0027916431
-0.0086442232
0.0066035986
-0.0010203123
-0.0277040005
-0.0086442232
0.0066035986
0.0142275095
-0.0238920450
0.0066035986
-0.0124561787
0.0066035986
-0.0277040005
0.0180394650
0.0027916431
0.0180394650
0.0027916431
-0.0162681341
-0.0010203123
-0.0353279114
0.0218514204
0.0104155540
-0.0010203123
-0.0124561787
0.0142275095
-0.0353279114
0.0142275095
0.0027916431
0.0104155540
-0.0010203123
-0.0142943859
-0.0018382072
-0.0236365199
-0.0142943859
-0.0080662966
-0.0267505646
-0.0174084306
0.0012758374
0.0043898821
-0.0111803412
-0.0174084306
-0.0018382072
-0.0205224752
-0.0236365199
0.0043898821
0.0137320161
-0.0018382072
-0.0018382072
0.0012758374
0.0043898821
0.0012758374
-0.0049522519
0.0043898821
-0.0111803412
0.0012758374
0.0199601054
0.0043898821
-0.0080662966
0.0106179714
-0.0174084306
0.0075039267
-0.0111803412
0.0287336111
0.0126789808
0.0046516657
0.0166926384
-0.0194302797
-0.0314712524
-0.0033756495
0.0166926384
-0.0033756495
0.0006380081
0.0006380081
0.0207062960
-0.0314712524
-0.0114029646
-0.0154166222
0.0006380081
-0.0073893070
0.0247199535
0.0006380081
-0.0073893070
0.0166926384
0.0166926384
-0.0033756495
0.0166926384
-0.0154166222
0.0207062960
-0.0194302797
0.0126789808
0.0086653233
0.0006380081
0.0046516657
0.0046516657
-0.0218412876
-0.0003889799
-0.0304222107
0.0081919432
-0.0046794415
0.0039014816
-0.0175508261
0.0167728662
-0.0003889799
0.0167728662
0.0039014816
-0.0046794415
0.0039014816
-0.0089699030
-0.0132603645
0.0124824047
-0.0046794415
0.0124824047
0.0039014816
0.0339347124
-0.0175508261
0.0039014816
-0.0003889799
0.0210633278
-0.0261317492
-0.0175508261
0.0210633278
0.0081919432
0.0039014816
-0.0089699030
-0.0132603645
-0.0175508261
-0.0018663406
0.0017321110
0.0197243690
0.0089290142
0.0053305626
0.0161259174
-0.0018663406
-0.0054647923
0.0017321110
0.0089290142
-0.0090632439
0.0341181755
0.0017321110
0.0161259174
0.0053305626
0.0233228207
-0.0126616955
0.0017321110
-0.0090632439
-0.0054647923
0.0017321110
-0.0018663406
-0.0054647923
0.0125274658
-0.0126616955
0.0089290142
0.0161259174
-0.0162601471
-0.0162601471
0.0053305626
0.0017321110
0.0161259174
0.0081267357
-0.0049522519
0.0081267357
0.0037670731
-0.0093119144
-0.0049522519
0.0081267357
-0.0136715770
0.0081267357
0.0212057233
-0.0136715770
0.0081267357
-0.0005925894
0.0081267357
0.0386443734
-0.0180312395
0.0081267357
-0.0005925894
-0.0005925894
-0.0223909020
-0.0005925894
-0.0136715770
-0.0267505646
-0.0267505646
-0.0267505646
-0.0005925894
-0.0136715770
-0.0005925894
-0.0005925894
0.0168460608
0.0081267357
0.0124863982
0.0089210272
-0.0170985460
0.0056685805
-0.0073412061
-0.0170985460
0.0056685805
0.0121734738
0.0024161339
0.0154259205
-0.0008363128
-0.0170985460
0.0251832604
0.0121734738
0.0154259205
-0.0040887594
0.0024161339
-0.0105936527
0.0121734738
-0.0040887594
0.0219308138
-0.0203509927
-0.0138460994
-0.0073412061
-0.0236034393
0.0056685805
-0.0203509927
0.0089210272
0.0121734738
0.0024161339
0.0154259205
0.0056685805
-0.0073412061
0.0000703335
-0.0078185797
0.0105888844
-0.0104482174
-0.0025593042
0.0053296089
-0.0157074928
0.0026999712
0.0026999712
0.0026999712
-0.0104482174
-0.0078185797
0.0079592466
0.0000703335
-0.0051889420
0.0000703335
-0.0051889420
-0.0235964060
-0.0051889420
-0.0078185797
-0.0157074928
0.0079592466
-0.0051889420
-0.0051889420
-0.0183371305
0.0132185221
-0.0104482174
-0.0262260437
0.0132185221
0.0000703335
-0.0130778551
0.0053296089
-0.0153985620
0.0022476911
0.0198939443
-0.0012815595
-0.0153985620
0.0057769418
-0.0048108101
-0.0189278126
0.0057769418
-0.0330448151
0.0022476911
-0.0224570632
0.0163646936
0.0093061924
-0.0224570632
0.0093061924
-0.0153985620
-0.0048108101
0.0057769418
0.0022476911
-0.0048108101
-0.0153985620
-0.0153985620
-0.0083400607
-0.0118693113
-0.0189278126
-0.0048108101
0.0057769418
-0.0048108101
-0.0118693113
0.0057769418
-0.0118693113
-0.0068022013
0.0199741125
0.0032389164
-0.0302314758
-0.0034551621
-0.0268844366
-0.0134962797
-0.0134962797
-0.0034551621
0.0199741125
-0.0001081228
-0.0235373974
-0.0168433189
0.0099329948
0.0132800341
0.0065859556
0.0166270733
-0.0101492405
-0.0101492405
-0.0101492405
0.0032389164
-0.0001081228
-0.0068022013
-0.0201903582
-0.0068022013
-0.0101492405
-0.0168433189
0.0166270733
-0.0068022013
0.0099329948
0.0099329948
0.0099329948
0.0160450935
-0.0030808449
0.0096697807
-0.0030808449
-0.0062685013
0.0001068115
0.0192327499
-0.0030808449
-0.0030808449
0.0064821243
0.0032944679
-0.0030808449
0.0064821243
0.0032944679
-0.0062685013
0.0160450935
-0.0062685013
-0.0094561577
0.0064821243
0.0032944679
-0.0062685013
-0.0030808449
-0.0126438141
0.0064821243
0.0128574371
0.0064821243
-0.0030808449
0.0096697807
-0.0062685013
0.0032944679
-0.0253944397
-0.0190191269
-0.0055461526
0.0009885430
-0.0055461526
0.0173252821
-0.0022788048
-0.0088135004
-0.0022788048
0.0173252821
-0.0022788048
-0.0055461526
-0.0022788048
-0.0022788048
0.0140579343
-0.0120808482
-0.0153481960
0.0107905865
-0.0251502395
-0.0153481960
-0.0055461526
-0.0153481960
-0.0088135004
0.0107905865
-0.0186155438
-0.0186155438
0.0042558909
0.0205926299
-0.0120808482
-0.0284175873
-0.0055461526
-0.0218828917
0.0042558909
0.0042558909
-0.0003662109
0.0031402111
-0.0143918991
-0.0108854771
0.0101530552
-0.0108854771
-0.0214047432
-0.0143918991
-0.0073790550
-0.0214047432
0.0171658993
0.0241787434
-0.0003662109
0.0136594772
0.0031402111
0.0206723213
0.0066466332
0.0136594772
-0.0073790550
-0.0108854771
0.0066466332
-0.0108854771
-0.0249111652
-0.0073790550
-0.0284175873
0.0136594772
0.0066466332
-0.0143918991
-0.0108854771
0.0031402111
0.0206723213
-0.0073790550
-0.0073790550
-0.0073790550
0.0206723213
0.0066466332
0.0136594772
-0.0073790550
-0.0038726330
0.0066466332
0.0066466332
0.0136594772
0.0241787434
0.0171658993
0.0031402111
-0.0038726330
0.0066466332
0.0031402111
-0.0108854771
-0.0214047432
0.0241787434
0.0171658993
-0.0108854771
-0.0108854771
0.0031402111
0.0066466332
0.0241787434
0.0066466332
-0.0003662109
0.0031402111
-0.0214047432
-0.0284175873
0.0101530552
-0.0003662109
0.0032820702
-0.0368824005
-0.0168001652
0.0384259820
-0.0067590475
-0.0067590475
0.0233643055
-0.0017384887
0.0032820702
0.0133231878
0.0183437467
0.0032820702
0.0032820702
0.0032820702
-0.0017384887
0.0032820702
0.0032820702
-0.0117796063
-0.0017384887
0.0032820702
-0.0168001652
0.0133231878
-0.0117796063
0.0083026290
-0.0067590475
0.0032820702
-0.0017384887
0.0133231878
-0.0017384887
0.0183437467
0.0133231878
0.0083026290
0.0013387203
0.0046857595
-0.0120494366
-0.0020083189
-0.0087023974
-0.0087023974
-0.0087023974
-0.0120494366
0.0080327988
-0.0020083189
-0.0187435150
-0.0120494366
0.0013387203
0.0113798380
-0.0020083189
0.0113798380
0.0314620733
-0.0020083189
0.0046857595
-0.0087023974
0.0080327988
-0.0087023974
0.0113798380
0.0046857595
0.0180739164
0.0080327988
-0.0120494366
-0.0020083189
-0.0020083189
-0.0020083189
-0.0053553581
-0.0020083189
-0.0074901581
-0.0074901581
-0.0113153458
-0.0036649704
-0.0036649704
-0.0074901581
0.0116357803
0.0001602173
-0.0227909088
0.0039854050
0.0039854050
0.0001602173
0.0078105926
0.0078105926
0.0154609680
0.0154609680
-0.0189657211
-0.0380916595
-0.0074901581
-0.0036649704
-0.0113153458
0.0078105926
0.0039854050
-0.0266160965
0.0116357803
0.0001602173
0.0039854050
-0.0151405334
0.0001602173
-0.0036649704
-0.0036649704
0.0192861557
0.0128695965
-0.0028402805
0.0089421272
0.0050146580
0.0089421272
0.0089421272
0.0128695965
0.0207245350
-0.0067677498
0.0246520042
0.0285794735
0.0246520042
-0.0185501575
0.0010871887
-0.0028402805
-0.0106952190
0.0089421272
0.0246520042
0.0089421272
-0.0028402805
0.0167970657
-0.0106952190
0.0246520042
-0.0106952190
-0.0106952190
-0.0264050961
0.0050146580
-0.0303325653
-0.0028402805
0.0089421272
-0.0106952190
0.0010871887
0.0002446175
0.0067133903
0.0002446175
0.0002446175
0.0034790039
0.0067133903
-0.0288648605
-0.0191617012
0.0002446175
0.0099477768
0.0034790039
0.0131821632
0.0164165497
-0.0159273148
-0.0094585419
-0.0191617012
0.0196509361
-0.0062241554
-0.0191617012
-0.0094585419
0.0164165497
0.0099477768
-0.0223960876
0.0099477768
0.0099477768
-0.0062241554
0.0196509361
0.0002446175
0.0067133903
0.0099477768
-0.0288648605
-0.0126929283
0.0074563026
-0.0124890804
-0.0210371017
0.0046069622
0.0131549835
0.0103056431
-0.0010917187
-0.0067903996
-0.0067903996
-0.0010917187
-0.0010917187
0.0046069622
-0.0010917187
-0.0210371017
-0.0124890804
-0.0039410591
0.0188536644
-0.0039410591
0.0017576218
-0.0010917187
-0.0039410591
0.0046069622
-0.0010917187
0.0217030048
-0.0039410591
0.0160043240
-0.0096397400
-0.0181877613
-0.0067903996
0.0017576218
-0.0067903996
-0.0096397400
0.0070848465
-0.0036964416
0.0157098770
-0.0123214722
0.0049285889
-0.0058526993
0.0157098770
0.0157098770
-0.0015401840
0.0027723312
-0.0101652145
0.0027723312
0.0006160736
-0.0123214722
0.0027723312
0.0157098770
-0.0080089569
0.0157098770
-0.0015401840
0.0135536194
-0.0166339874
0.0006160736
0.0157098770
-0.0166339874
-0.0123214722
-0.0080089569
-0.0101652145
0.0006160736
0.0113973618
-0.0058526993
-0.0123214722
-0.0101652145
-0.0054857731
-0.0163440704
0.0089919567
-0.0163440704
0.0017530918
-0.0308218002
-0.0091052055
-0.0235829353
-0.0091052055
0.0089919567
-0.0091052055
0.0053725243
-0.0091052055
0.0089919567
0.0234696865
-0.0127246380
0.0126113892
-0.0127246380
0.0053725243
0.0198502541
-0.0018663406
0.0089919567
0.0198502541
-0.0054857731
0.0017530918
-0.0127246380
0.0089919567
-0.0091052055
0.0162308216
-0.0054857731
0.0053725243
0.0126113892
0.0342056751
0.0147993565
0.0050961971
-0.0094585419
-0.0094585419
-0.0094585419
0.0050961971
0.0050961971
-0.0288648605
-0.0094585419
0.0050961971
-0.0046069622
0.0196509361
-0.0094585419
0.0002446175
-0.0288648605
0.0002446175
0.0147993565
-0.0046069622
0.0050961971
0.0390572548
0.0099477768
0.0293540955
0.0050961971
0.0099477768
-0.0288648605
-0.0191617012
-0.0094585419
0.0147993565
-0.0094585419
-0.0143101215
-0.0191617012
0.0024099350
-0.0259294510
0.0024099350
0.0094947815
0.0094947815
0.0201220512
-0.0046749115
0.0059523583
-0.0188446045
-0.0223870277
0.0024099350
0.0236644745
-0.0153021812
-0.0082173347
0.0130372047
0.0059523583
0.0094947815
0.0094947815
-0.0223870277
-0.0011324882
0.0201220512
-0.0153021812
-0.0046749115
0.0165796280
0.0024099350
-0.0046749115
-0.0188446045
0.0272068977
0.0130372047
0.0024099350
-0.0188446045
-0.0188446045
0.0135354996
-0.0164980888
-0.0074880123
0.0075287819
0.0105321407
-0.0014812946
-0.0074880123
-0.0225048065
-0.0104913712
0.0165388584
0.0225455761
-0.0074880123
-0.0164980888
0.0195422173
0.0135354996
0.0015220642
0.0015220642
-0.0164980888
-0.0164980888
-0.0014812946
0.0165388584
-0.0044846535
-0.0104913712
-0.0104913712
0.0045254230
0.0105321407
-0.0014812946
-0.0104913712
-0.0074880123
-0.0225048065
-0.0104913712
-0.0014812946
0.0229722261
-0.0298719406
0.0154230595
-0.0260973573
-0.0072244406
0.0078738928
-0.0223227739
0.0003247261
-0.0034498572
0.0116484761
0.0003247261
-0.0034498572
0.0078738928
-0.0072244406
0.0003247261
-0.0034498572
-0.0185481906
-0.0034498572
0.0003247261
-0.0034498572
0.0078738928
0.0154230595
-0.0109990239
0.0078738928
-0.0185481906
0.0078738928
0.0154230595
0.0040993094
0.0267468095
0.0078738928
-0.0034498572
0.0154230595
0.0109598637
-0.0104956627
0.0252635479
0.0073839426
-0.0069197416
0.0109598637
-0.0069197416
-0.0104956627
-0.0247993469
0.0002321005
-0.0033438206
0.0002321005
-0.0140715837
-0.0140715837
-0.0176475048
-0.0069197416
0.0181117058
-0.0212234259
0.0038080215
-0.0140715837
-0.0212234259
0.0109598637
0.0002321005
0.0073839426
0.0038080215
0.0216876268
0.0002321005
0.0038080215
-0.0104956627
-0.0140715837
-0.0069197416
0.0109598637
0.0313528776
-0.0020223856
-0.0061942935
0.0355247855
-0.0270538330
-0.0020223856
0.0104933381
0.0146652460
-0.0020223856
-0.0187100172
-0.0061942935
-0.0020223856
-0.0103662014
0.0313528776
-0.0270538330
-0.0103662014
-0.0061942935
0.0063214302
0.0104933381
-0.0020223856
-0.0103662014
0.0146652460
-0.0103662014
-0.0145381093
-0.0020223856
-0.0061942935
-0.0020223856
0.0188371539
-0.0061942935
-0.0145381093
-0.0020223856
-0.0103662014
0.0042362213
-0.0264902115
-0.0034453869
-0.0072861910
-0.0034453869
0.0003954172
0.0080770254
0.0003954172
-0.0264902115
0.0119178295
-0.0111269951
0.0003954172
-0.0072861910
0.0003954172
-0.0111269951
0.0195994377
-0.0188086033
0.0080770254
0.0042362213
-0.0072861910
-0.0034453869
-0.0111269951
0.0272810459
-0.0034453869
0.0042362213
-0.0072861910
0.0080770254
0.0003954172
-0.0034453869
-0.0072861910
0.0042362213
0.0042362213
-0.0276174545
-0.0025860071
-0.0097378492
-0.0025860071
0.0081417561
-0.0168896914
0.0081417561
0.0188695192
0.0260213614
-0.0204656124
0.0117176771
0.0152935982
-0.0204656124
0.0117176771
-0.0168896914
-0.0133137703
-0.0168896914
-0.0133137703
0.0009899139
-0.0025860071
-0.0025860071
0.0045658350
0.0081417561
0.0117176771
-0.0097378492
0.0081417561
0.0081417561
-0.0061619282
-0.0061619282
0.0009899139
0.0260213614
-0.0061619282
-0.0037043095
0.0145726204
0.0084803104
-0.0128427744
-0.0037043095
0.0115264654
0.0115264654
-0.0219812393
-0.0037043095
0.0084803104
-0.0067504644
-0.0037043095
0.0023880005
-0.0067504644
0.0237110853
0.0115264654
-0.0189350843
0.0023880005
0.0054341555
0.0084803104
-0.0219812393
-0.0037043095
0.0023880005
0.0145726204
0.0023880005
0.0023880005
0.0176187754
-0.0067504644
-0.0037043095
0.0054341555
-0.0097966194
0.0237110853
-0.0067858100
0.0067232251
-0.0034085512
0.0101004839
0.0101004839
-0.0067858100
0.0101004839
0.0033459663
-0.0135403275
0.0168550014
-0.0034085512
-0.0135403275
0.0101004839
0.0202322602
-0.0000312924
-0.0000312924
0.0134777427
0.0033459663
0.0269867778
0.0067232251
0.0134777427
-0.0034085512
-0.0236721039
0.0067232251
0.0033459663
-0.0169175863
0.0033459663
-0.0000312924
-0.0135403275
-0.0169175863
0.0101004839
-0.0101630688
0.0250838399
-0.0031924248
-0.0072318912
-0.0072318912
0.0008470416
-0.0193502903
-0.0031924248
-0.0355081558
-0.0112713575
0.0008470416
0.0008470416
0.0089259744
-0.0072318912
-0.0031924248
0.0089259744
0.0089259744
-0.0112713575
0.0048865080
-0.0072318912
0.0008470416
0.0129654408
-0.0072318912
0.0008470416
-0.0153108239
-0.0153108239
-0.0031924248
-0.0072318912
-0.0112713575
0.0048865080
-0.0072318912
-0.0274292231
0.0048865080
0.0020632148
0.0157777667
-0.0082226992
-0.0047940612
0.0226350427
-0.0150799751
-0.0287945271
0.0192064047
0.0054918528
0.0089204907
0.0123491287
0.0054918528
0.0089204907
-0.0253658891
-0.0047940612
-0.0287945271
0.0157777667
-0.0047940612
0.0054918528
-0.0047940612
-0.0013654232
-0.0047940612
0.0054918528
-0.0013654232
-0.0082226992
0.0054918528
-0.0047940612
0.0020632148
-0.0082226992
-0.0013654232
-0.0116513371
-0.0047940612
-0.0248901844
-0.0041511059
0.0088108182
-0.0015587211
-0.0248901844
0.0088108182
-0.0041511059
0.0036260486
-0.0041511059
-0.0041511059
0.0088108182
0.0114032030
0.0036260486
-0.0093358755
-0.0145206451
-0.0093358755
-0.0222977996
0.0036260486
-0.0015587211
0.0010336638
-0.0119282603
0.0036260486
0.0114032030
-0.0015587211
-0.0015587211
0.0114032030
-0.0041511059
-0.0093358755
0.0139955878
0.0062184334
-0.0197054148
-0.0171130300
0.0060086846
-0.0011830926
0.0060086846
0.0132004619
-0.0047789812
-0.0011830926
-0.0155666471
-0.0047789812
0.0275840163
-0.0155666471
-0.0011830926
0.0132004619
-0.0011830926
-0.0227584243
0.0132004619
0.0132004619
0.0132004619
0.0060086846
0.0132004619
0.0024127960
0.0096045732
-0.0011830926
-0.0155666471
-0.0155666471
-0.0155666471
-0.0047789812
-0.0011830926
-0.0083748698
0.0096045732
-0.0011830926
0.0096045732
-0.0263543129
-0.0302586555
0.0031914711
-0.0009897947
-0.0260773897
-0.0009897947
-0.0135335922
-0.0093523264
-0.0093523264
0.0031914711
-0.0135335922
-0.0009897947
0.0031914711
-0.0177148581
0.0199165344
0.0073727369
-0.0218961239
-0.0009897947
0.0031914711
0.0031914711
-0.0051710606
0.0240978003
0.0282790661
-0.0051710606
0.0073727369
0.0199165344
-0.0135335922
-0.0009897947
-0.0177148581
0.0073727369
-0.0009897947
-0.0177148581
-0.0177148581
-0.0101748705
-0.0067462325
-0.0101748705
0.0035396814
0.0069683194
0.0206828713
-0.0136035085
-0.0307466984
0.0001110435
-0.0033175945
-0.0033175945
0.0172542334
0.0001110435
-0.0170321465
-0.0033175945
-0.0067462325
0.0069683194
0.0103969574
0.0035396814
-0.0101748705
0.0001110435
0.0172542334
-0.0101748705
0.0172542334
0.0206828713
-0.0136035085
0.0103969574
-0.0307466984
0.0138255954
0.0069683194
0.0035396814
0.0001110435
-0.0198041201
-0.0160409808
0.0215904117
-0.0047515631
-0.0273303986
-0.0085147023
-0.0160409808
-0.0122778416
0.0253535509
-0.0009884238
-0.0085147023
-0.0047515631
-0.0085147023
0.0178272724
0.0215904117
0.0178272724
-0.0009884238
-0.0198041201
0.0253535509
-0.0009884238
-0.0160409808
0.0215904117
0.0065378547
-0.0122778416
-0.0122778416
0.0027747154
-0.0160409808
0.0027747154
-0.0198041201
-0.0160409808
-0.0085147023
0.0103009939
-0.0018671751
0.0058263540
-0.0018671751
0.0058263540
-0.0134074688
0.0058263540
-0.0018671751
0.0096731186
0.0135198832
-0.0018671751
0.0289069414
0.0096731186
0.0173666477
0.0173666477
-0.0018671751
-0.0095607042
-0.0172542334
0.0173666477
0.0058263540
-0.0095607042
0.0019795895
-0.0211009979
-0.0057139397
0.0289069414
-0.0172542334
0.0019795895
0.0250601768
0.0135198832
-0.0287945271
0.0250601768
0.0058263540
0.0096731186
0.0281817317
-0.0086970329
-0.0086970329
0.0123765469
-0.0086970329
0.0123765469
0.0018397570
-0.0034286380
0.0229133368
0.0229133368
-0.0086970329
0.0492553115
0.0334501266
-0.0034286380
0.0176449418
-0.0139654279
-0.0192338228
0.0229133368
-0.0297706127
0.0071081519
0.0334501266
0.0018397570
0.0123765469
0.0123765469
-0.0245022178
-0.0139654279
-0.0034286380
0.0071081519
0.0018397570
0.0018397570
0.0071081519
0.0176449418
0.0120542049
0.0120542049
0.0120542049
0.0120542049
-0.0001938343
0.0028681755
0.0089921951
0.0212402344
0.0212402344
-0.0124418736
-0.0063178539
-0.0185658932
-0.0216279030
-0.0063178539
0.0151162148
0.0243022442
0.0059301853
-0.0124418736
0.0089921951
-0.0185658932
-0.0093798637
0.0028681755
-0.0063178539
-0.0032558441
-0.0124418736
0.0059301853
-0.0093798637
-0.0093798637
-0.0032558441
0.0120542049
0.0243022442
-0.0032558441
-0.0225566626
0.0042359233
-0.0011225939
-0.0332736969
0.0095944405
0.0149529576
0.0149529576
-0.0064811111
0.0417455435
-0.0064811111
0.0042359233
0.0203114748
0.0149529576
0.0095944405
-0.0064811111
-0.0011225939
-0.0011225939
-0.0064811111
0.0042359233
0.0256699920
0.0203114748
0.0042359233
-0.0064811111
-0.0118396282
0.0095944405
-0.0171981454
0.0042359233
-0.0064811111
-0.0171981454
-0.0171981454
0.0203114748
0.0203114748
0.0079851747
0.0079851747
0.0079851747
-0.0050283670
0.0036473274
0.0036473274
0.0123230219
-0.0006905198
-0.0310554504
0.0079851747
-0.0093662143
0.0036473274
-0.0050283670
-0.0050283670
0.0340122581
0.0123230219
-0.0006905198
-0.0006905198
-0.0223797560
-0.0050283670
-0.0050283670
0.0209987164
-0.0093662143
-0.0137040615
-0.0180419087
-0.0050283670
-0.0050283670
-0.0093662143
-0.0093662143
-0.0006905198
-0.0050283670
-0.0006905198
0.0169227719
-0.0128467679
0.0084171891
-0.0149731636
-0.0022147894
-0.0043411851
-0.0022147894
-0.0107203722
0.0041643977
-0.0022147894
0.0062907934
0.0020380020
-0.0043411851
0.0126699805
-0.0000883937
-0.0043411851
0.0062907934
0.0147963762
-0.0064675808
0.0041643977
0.0126699805
0.0169227719
-0.0107203722
0.0105435848
0.0062907934
-0.0085939765
0.0126699805
0.0084171891
0.0041643977
-0.0043411851
0.0062907934
0.0105435848
-0.0244551301
0.0061649680
-0.0244551301
0.0176475048
0.0023374558
0.0099924803
0.0176475048
0.0099924803
0.0061649680
-0.0129725933
-0.0014900565
-0.0206276178
0.0291300416
0.0023374558
-0.0014900565
0.0138199925
-0.0053175688
0.0023374558
-0.0129725933
-0.0091450810
0.0138199925
-0.0091450810
0.0214750171
-0.0282826424
0.0099924803
-0.0282826424
0.0023374558
0.0138199925
-0.0053175688
-0.0014900565
-0.0053175688
0.0099924803
-0.0349373817
-0.0153745413
-0.0036368370
-0.0114619732
-0.0114619732
-0.0075494051
-0.0153745413
0.0120134354
-0.0310248137
-0.0036368370
0.0120134354
-0.0114619732
0.0002757311
-0.0192871094
0.0237511396
-0.0036368370
0.0002757311
-0.0036368370
-0.0036368370
0.0002757311
-0.0036368370
0.0002757311
0.0002757311
-0.0036368370
0.0041882992
0.0159260035
-0.0153745413
0.0081008673
0.0081008673
0.0041882992
0.0041882992
-0.0036368370
-0.0144491792
0.0087710619
0.0220397711
0.0120882392
0.0154054165
-0.0011804700
-0.0044976473
0.0220397711
0.0120882392
0.0087710619
0.0120882392
0.0220397711
-0.0144491792
0.0054538846
0.0253569484
0.0120882392
0.0054538846
-0.0011804700
-0.0244007111
-0.0011804700
0.0154054165
-0.0044976473
-0.0111320019
0.0087710619
-0.0078148246
0.0120882392
-0.0144491792
-0.0044976473
-0.0144491792
0.0120882392
0.0021367073
0.0087710619
-0.0183957815
-0.0216279030
-0.0216279030
-0.0022351742
0.0074611902
0.0042290688
-0.0054672956
-0.0119315386
-0.0054672956
0.0074611902
-0.0086994171
-0.0054672956
0.0106933117
0.0139254332
0.0074611902
0.0106933117
0.0139254332
0.0139254332
-0.0086994171
0.0009969473
0.0139254332
0.0236217976
-0.0022351742
0.0106933117
-0.0086994171
0.0074611902
-0.0054672956
-0.0086994171
0.0139254332
0.0268539190
0.0268539190
-0.0022351742
0.0013296604
-0.0195021629
0.0138287544
0.0054960251
0.0013296604
0.0346605778
-0.0278348923
0.0179951191
0.0096623898
0.0138287544
-0.0278348923
0.0054960251
-0.0278348923
-0.0070030689
-0.0153357983
-0.0153357983
0.0054960251
0.0096623898
0.0054960251
0.0054960251
-0.0028367043
0.0013296604
-0.0153357983
0.0179951191
0.0138287544
0.0054960251
0.0013296604
0.0054960251
-0.0028367043
0.0054960251
0.0179951191
0.0096623898
-0.0095697045
0.0210530758
0.0166783929
0.0035543442
-0.0008203387
0.0166783929
-0.0095697045
0.0123037100
0.0035543442
-0.0270684361
-0.0051950216
-0.0139443874
-0.0008203387
0.0210530758
-0.0051950216
-0.0008203387
0.0079290271
0.0341771245
-0.0314431190
-0.0139443874
-0.0095697045
0.0166783929
-0.0051950216
0.0035543442
-0.0008203387
0.0035543442
-0.0139443874
0.0035543442
-0.0183190703
-0.0095697045
-0.0008203387
-0.0051950216
0.0062091351
0.0170416832
-0.0118451118
0.0206525326
-0.0118451118
-0.0154559612
0.0098199844
0.0242633820
0.0170416832
-0.0010125637
-0.0226776600
-0.0082342625
-0.0010125637
-0.0082342625
-0.0226776600
-0.0154559612
-0.0046234131
0.0206525326
-0.0190668106
-0.0046234131
0.0062091351
-0.0082342625
0.0025982857
-0.0118451118
-0.0190668106
-0.0262885094
-0.0082342625
0.0098199844
0.0062091351
0.0025982857
0.0062091351
0.0278742313
-0.0177261233
-0.0035604835
0.0106051564
0.0141465664
0.0176879764
-0.0000190735
-0.0035604835
0.0176879764
-0.0106433034
-0.0283503532
0.0070637465
0.0141465664
0.0035223365
-0.0106433034
-0.0000190735
0.0035223365
-0.0177261233
-0.0177261233
-0.0000190735
0.0141465664
0.0141465664
0.0106051564
0.0141465664
-0.0141847134
0.0035223365
0.0070637465
-0.0248089433
0.0247707963
-0.0106433034
-0.0000190735
-0.0000190735
0.0141465664
0.0037733316
-0.0244190693
-0.0203915834
0.0037733316
0.0118283033
0.0078008175
-0.0042816401
-0.0123366117
-0.0042816401
0.0037733316
-0.0083091259
-0.0083091259
-0.0083091259
0.0037733316
0.0279382467
0.0118283033
0.0239107609
-0.0244190693
-0.0002541542
-0.0002541542
-0.0203915834
0.0118283033
-0.0324740410
0.0078008175
-0.0002541542
0.0078008175
-0.0123366117
-0.0042816401
-0.0042816401
0.0078008175
0.0239107609
0.0198832750
-0.0185487270
-0.0113270283
-0.0113270283
0.0103380680
-0.0113270283
-0.0149378777
-0.0077161789
-0.0004944801
-0.0077161789
0.0031163693
-0.0041053295
-0.0149378777
0.0175597668
0.0031163693
0.0031163693
0.0103380680
-0.0041053295
0.0031163693
0.0103380680
-0.0293812752
-0.0149378777
-0.0041053295
-0.0041053295
-0.0041053295
0.0139489174
0.0031163693
0.0139489174
0.0247814655
-0.0041053295
-0.0077161789
-0.0077161789
0.0067272186
0.0153751373
0.0119031668
-0.0124006271
-0.0158725977
-0.0158725977
0.0257910490
0.0119031668
-0.0089286566
0.0084311962
-0.0124006271
0.0084311962
0.0153751373
0.0049592257
0.0049592257
-0.0019847155
-0.0089286566
0.0084311962
-0.0054566860
-0.0124006271
0.0188471079
-0.0262885094
-0.0019847155
0.0119031668
-0.0054566860
-0.0054566860
0.0153751373
-0.0054566860
0.0049592257
-0.0054566860
0.0119031668
-0.0193445683
0.0153751373
-0.0065437555
0.0315784812
-0.0192511678
-0.0065437555
-0.0065437555
0.0061636567
0.0061636567
0.0061636567
0.0019278526
-0.0065437555
-0.0107795596
0.0019278526
0.0019278526
-0.0319585800
0.0019278526
-0.0065437555
-0.0150153637
-0.0107795596
0.0061636567
-0.0107795596
-0.0023079514
-0.0107795596
-0.0107795596
-0.0277227759
0.0188710690
0.0061636567
0.0146352649
0.0146352649
-0.0150153637
-0.0192511678
0.0103994608
0.0019278526
0.0001950264
0.0028706193
-0.0051561594
0.0028706193
0.0001950264
0.0162485838
-0.0051561594
-0.0185341239
0.0082218051
0.0055462122
0.0162485838
0.0055462122
-0.0024805665
-0.0078317523
-0.0024805665
-0.0078317523
-0.0212097168
-0.0105073452
-0.0131829381
0.0108973980
-0.0131829381
-0.0051561594
0.0082218051
0.0108973980
-0.0105073452
0.0189241767
0.0028706193
-0.0051561594
0.0001950264
-0.0158585310
0.0055462122
-0.0051561594
0.0050787926
-0.0134445429
-0.0103573203
-0.0196189880
0.0236021280
0.0081660152
0.0050787926
0.0205149055
0.0112532377
-0.0072700977
0.0112532377
0.0019915700
0.0050787926
0.0266893506
-0.0165317655
-0.0103573203
-0.0010956526
-0.0103573203
-0.0165317655
-0.0041828752
-0.0010956526
0.0050787926
-0.0041828752
0.0050787926
0.0081660152
0.0019915700
0.0019915700
0.0174276829
-0.0165317655
-0.0134445429
0.0019915700
0.0112532377
-0.0113620162
-0.0077259541
0.0104543567
0.0104543567
0.0104543567
0.0031822324
-0.0077259541
-0.0149980783
-0.0113620162
0.0031822324
-0.0004538298
-0.0077259541
-0.0113620162
-0.0040898919
0.0031822324
-0.0222702026
-0.0004538298
0.0031822324
-0.0113620162
-0.0040898919
-0.0077259541
0.0068182945
-0.0040898919
0.0031822324
0.0104543567
0.0322707295
-0.0077259541
0.0286346674
0.0031822324
0.0068182945
-0.0040898919
-0.0077259541
-0.0220854878
0.0005541444
-0.0183122158
0.0081006885
-0.0069923997
0.0043274164
0.0194205046
-0.0069923997
-0.0069923997
-0.0107656717
0.0194205046
0.0081006885
-0.0145389438
0.0081006885
0.0081006885
0.0231937766
-0.0145389438
0.0005541444
-0.0183122158
-0.0032191277
-0.0069923997
-0.0334053040
0.0081006885
0.0081006885
0.0118739605
0.0194205046
-0.0183122158
0.0231937766
0.0194205046
0.0081006885
-0.0258587599
-0.0069923997
-0.0165586472
-0.0044841766
-0.0195772648
0.0166461468
-0.0044841766
-0.0014655590
0.0166461468
-0.0225958824
-0.0075027943
-0.0044841766
-0.0014655590
-0.0044841766
-0.0044841766
-0.0014655590
0.0106089115
0.0045716763
0.0075902939
-0.0075027943
0.0166461468
-0.0286331177
0.0106089115
0.0075902939
-0.0165586472
0.0015530586
0.0015530586
-0.0105214119
0.0166461468
0.0045716763
0.0075902939
0.0075902939
-0.0044841766
0.0136275291
0.0031322241
0.0142462254
0.0216555595
-0.0079817772
0.0290648937
0.0105415583
-0.0042771101
0.0179508924
-0.0042771101
-0.0005724430
0.0068368912
0.0142462254
-0.0079817772
0.0068368912
0.0105415583
-0.0042771101
-0.0153911114
-0.0005724430
0.0253602266
-0.0153911114
-0.0079817772
0.0031322241
0.0068368912
-0.0005724430
-0.0079817772
0.0031322241
-0.0228004456
-0.0005724430
0.0179508924
-0.0042771101
-0.0005724430
-0.0116864443
0.0129972696
0.0173193812
0.0129972696
0.0086751580
-0.0042911768
-0.0215796232
0.0302857161
-0.0129354000
0.0043530464
-0.0042911768
-0.0172575116
-0.0042911768
-0.0172575116
0.0043530464
-0.0302238464
0.0043530464
-0.0042911768
-0.0129354000
-0.0129354000
0.0086751580
0.0086751580
-0.0129354000
0.0043530464
-0.0129354000
-0.0215796232
-0.0172575116
-0.0129354000
-0.0259017348
0.0086751580
0.0259636045
0.0216414928
-0.0259017348
-0.0200260878
0.0101600885
-0.0087062716
-0.0049329996
-0.0237993598
0.0063868165
0.0026135445
-0.0124795437
0.0026135445
0.0026135445
-0.0275726318
-0.0162528157
-0.0162528157
-0.0124795437
-0.0162528157
-0.0124795437
0.0026135445
0.0101600885
0.0026135445
0.0026135445
0.0214799047
0.0063868165
-0.0087062716
-0.0011597276
0.0063868165
-0.0200260878
0.0063868165
0.0101600885
-0.0237993598
0.0139333606
0.0290264487
0.0063868165
-0.0087172985
0.0022529364
0.0059096813
-0.0123740435
0.0059096813
0.0132231712
-0.0050605536
-0.0050605536
-0.0306577682
-0.0123740435
0.0241934061
0.0095664263
-0.0087172985
0.0022529364
-0.0014038086
0.0095664263
0.0059096813
-0.0014038086
0.0059096813
-0.0087172985
-0.0050605536
0.0095664263
-0.0087172985
-0.0160307884
-0.0050605536
0.0022529364
-0.0123740435
0.0132231712
-0.0014038086
-0.0123740435
0.0095664263
0.0132231712
-0.0198829174
-0.0015991926
-0.0235396624
-0.0271964073
-0.0052559376
0.0057142973
-0.0198829174
0.0166845322
0.0166845322
-0.0015991926
-0.0125694275
-0.0198829174
0.0057142973
0.0093710422
0.0057142973
0.0130277872
-0.0015991926
0.0057142973
-0.0125694275
-0.0015991926
0.0239980221
0.0020575523
-0.0089126825
0.0093710422
-0.0052559376
-0.0052559376
0.0020575523
-0.0089126825
-0.0089126825
0.0276547670
-0.0162261724
-0.0015991926
0.0016951561
0.0185161829
-0.0016690493
0.0016951561
0.0151519775
-0.0117616653
0.0016951561
0.0185161829
-0.0151258707
-0.0083974600
0.0016951561
-0.0117616653
-0.0016690493
0.0218803883
-0.0050332546
-0.0117616653
0.0016951561
0.0084235668
-0.0117616653
-0.0151258707
0.0016951561
0.0084235668
-0.0016690493
-0.0184900761
0.0185161829
0.0016951561
0.0016951561
-0.0083974600
-0.0083974600
-0.0083974600
0.0016951561
-0.0252184868
0.0053835511
-0.0058060884
-0.0058060884
-0.0244554877
-0.0020762086
0.0053835511
0.0016536713
-0.0020762086
0.0128433108
0.0277628303
-0.0132658482
0.0053835511
0.0053835511
0.0128433108
0.0203030705
-0.0020762086
-0.0132658482
0.0091134310
-0.0244554877
0.0128433108
0.0203030705
-0.0058060884
0.0128433108
-0.0058060884
-0.0020762086
-0.0281853676
0.0053835511
0.0016536713
-0.0020762086
-0.0095359683
0.0053835511
0.0203030705
-0.0053825378
-0.0004093647
-0.0028959513
-0.0053825378
-0.0078691244
0.0045638084
0.0169967413
-0.0103557110
0.0095369816
0.0020772219
-0.0103557110
0.0045638084
0.0095369816
0.0020772219
0.0070503950
0.0194833279
0.0095369816
-0.0153288841
-0.0053825378
0.0020772219
-0.0128422976
0.0095369816
-0.0028959513
-0.0004093647
-0.0028959513
-0.0078691244
-0.0053825378
0.0145101547
0.0145101547
-0.0004093647
-0.0028959513
0.0045638084
-0.0219372511
0.0195302367
0.0195302367
-0.0173297524
-0.0311522484
-0.0081147551
0.0195302367
-0.0081147551
-0.0035072565
0.0011002421
0.0103152394
-0.0219372511
-0.0219372511
-0.0127222538
0.0103152394
-0.0035072565
0.0057077408
-0.0127222538
0.0011002421
0.0057077408
-0.0035072565
0.0011002421
0.0149227381
0.0103152394
0.0057077408
0.0103152394
-0.0265447497
-0.0127222538
-0.0081147551
0.0057077408
-0.0173297524
0.0333527327
0.0007760525
0.0136477947
0.0007760525
-0.0056598186
0.0136477947
-0.0024418831
0.0007760525
-0.0217494965
0.0007760525
-0.0185315609
-0.0056598186
-0.0088777542
-0.0088777542
0.0007760525
0.0072119236
-0.0120956898
-0.0281853676
0.0136477947
0.0136477947
-0.0024418831
0.0072119236
0.0072119236
-0.0056598186
-0.0088777542
-0.0024418831
0.0200836658
-0.0024418831
-0.0088777542
-0.0088777542
-0.0024418831
-0.0281853676
0.0168657303
-0.0068441629
0.0088798404
-0.0036993623
0.0088798404
0.0214590430
-0.0036993623
-0.0131337643
-0.0099889636
-0.0131337643
0.0057350397
-0.0005545616
-0.0099889636
0.0057350397
0.0025902391
0.0214590430
0.0057350397
-0.0099889636
-0.0162785649
-0.0257129669
-0.0005545616
-0.0131337643
0.0151694417
0.0057350397
-0.0099889636
-0.0036993623
0.0025902391
0.0151694417
-0.0068441629
-0.0068441629
-0.0005545616
-0.0068441629
-0.0036993623
-0.0222473145
-0.0122480392
0.0110836029
-0.0089149475
-0.0055818558
-0.0155811310
0.0044174194
0.0010843277
-0.0089149475
0.0010843277
0.0244159698
0.0077505112
0.0010843277
-0.0122480392
-0.0022487640
-0.0155811310
0.0210828781
-0.0122480392
-0.0055818558
-0.0089149475
0.0010843277
0.0110836029
-0.0122480392
-0.0122480392
-0.0122480392
0.0177497864
0.0144166946
-0.0122480392
0.0110836029
0.0210828781
0.0144166946
-0.0189142227
-0.0061926842
0.0218052864
-0.0026929378
-0.0096924305
-0.0061926842
0.0008068085
0.0148057938
0.0043065548
0.0043065548
-0.0166919231
-0.0096924305
0.0183055401
-0.0166919231
-0.0026929378
0.0078063011
-0.0271911621
0.0148057938
0.0183055401
0.0113060474
-0.0026929378
-0.0096924305
0.0183055401
-0.0166919231
0.0008068085
0.0183055401
0.0078063011
0.0043065548
-0.0026929378
-0.0061926842
0.0148057938
-0.0061926842
0.0218052864
0.0140490532
-0.0017831325
-0.0017831325
-0.0144488811
0.0013833046
-0.0049495697
-0.0207817554
0.0013833046
-0.0017831325
-0.0017831325
-0.0049495697
-0.0207817554
-0.0144488811
-0.0207817554
-0.0049495697
-0.0017831325
0.0172154903
0.0108826160
0.0077161789
-0.0176153183
-0.0302810669
-0.0049495697
0.0108826160
-0.0302810669
-0.0081160068
0.0077161789
-0.0017831325
-0.0144488811
-0.0176153183
0.0140490532
0.0172154903
-0.0017831325
-0.0091849565
-0.0091849565
0.0120635033
-0.0091849565
-0.0134346485
0.0078138113
-0.0049352646
-0.0134346485
0.0078138113
-0.0006855726
-0.0389328003
0.0248125792
-0.0219340324
-0.0091849565
0.0163131952
-0.0049352646
0.0078138113
-0.0134346485
-0.0049352646
-0.0006855726
0.0035641193
0.0120635033
0.0248125792
0.0120635033
-0.0091849565
0.0035641193
0.0120635033
-0.0006855726
0.0035641193
0.0120635033
-0.0346831083
-0.0049352646
0.0269508362
0.0109519958
0.0149517059
-0.0210456848
-0.0090465546
0.0029525757
0.0189514160
0.0109519958
-0.0010471344
-0.0090465546
0.0069522858
-0.0050468445
-0.0010471344
0.0109519958
-0.0210456848
0.0189514160
0.0109519958
0.0069522858
0.0109519958
-0.0170459747
-0.0090465546
-0.0050468445
0.0069522858
-0.0010471344
0.0029525757
0.0309505463
0.0069522858
-0.0210456848
0.0029525757
0.0149517059
-0.0250453949
-0.0290451050
-0.0101090670
-0.0066926479
0.0172222853
-0.0032762289
0.0035566091
0.0069730282
0.0001401901
0.0206387043
0.0001401901
0.0240551233
0.0138058662
0.0001401901
0.0001401901
0.0138058662
-0.0237747431
-0.0066926479
0.0035566091
0.0001401901
0.0240551233
-0.0271911621
0.0001401901
0.0103894472
0.0206387043
-0.0169419050
-0.0066926479
-0.0066926479
0.0138058662
0.0069730282
0.0035566091
-0.0032762289
0.0035566091
0.0138058662
0.0092439652
0.0092439652
-0.0065048933
0.0039943457
-0.0327529907
0.0039943457
-0.0012552738
-0.0170041323
0.0144935846
-0.0222537518
0.0092439652
-0.0065048933
0.0039943457
0.0197432041
-0.0065048933
-0.0012552738
0.0302424431
-0.0117545128
0.0407416821
0.0144935846
-0.0117545128
0.0092439652
0.0039943457
-0.0275033712
0.0039943457
-0.0117545128
0.0144935846
-0.0170041323
-0.0117545128
-0.0012552738
0.0354920626
0.0092439652
-0.0038251877
0.0000078678
-0.0076582432
0.0115070343
0.0000078678
-0.0038251877
-0.0038251877
0.0153400898
-0.0114912987
0.0383384228
0.0000078678
0.0076739788
-0.0038251877
-0.0038251877
-0.0038251877
0.0000078678
0.0000078678
0.0076739788
0.0038409233
0.0153400898
0.0000078678
-0.0076582432
-0.0038251877
-0.0191574097
-0.0038251877
-0.0153243542
0.0191731453
-0.0038251877
0.0153400898
0.0153400898
0.0038409233
0.0000078678
0.0204820633
0.0043029785
0.0140104294
0.0043029785
-0.0151119232
0.0043029785
0.0010671616
0.0107746124
0.0043029785
0.0172462463
0.0010671616
0.0010671616
0.0043029785
-0.0086402893
0.0237178802
0.0140104294
0.0043029785
-0.0021686554
-0.0021686554
-0.0054044723
0.0140104294
-0.0021686554
0.0107746124
-0.0151119232
-0.0054044723
-0.0248193741
-0.0118761063
-0.0021686554
0.0140104294
0.0107746124
-0.0086402893
0.0107746124
0.0174551010
0.0032672882
-0.0061912537
-0.0038266182
0.0198197365
0.0009026527
-0.0038266182
0.0103611946
-0.0109205246
0.0032672882
0.0198197365
0.0009026527
-0.0061912537
0.0103611946
0.0009026527
-0.0014619827
-0.0109205246
-0.0061912537
-0.0109205246
0.0056319237
0.0009026527
0.0032672882
0.0103611946
-0.0014619827
0.0079965591
0.0174551010
-0.0038266182
-0.0014619827
0.0174551010
0.0056319237
0.0009026527
0.0245490074
0.0079815388
-0.0233809948
-0.0037794113
0.0119018555
0.0001409054
-0.0037794113
0.0079815388
-0.0116200447
-0.0076997280
0.0236628056
-0.0194606781
0.0040612221
-0.0116200447
0.0275831223
0.0001409054
0.0119018555
-0.0155403614
0.0040612221
0.0079815388
-0.0273013115
0.0040612221
-0.0116200447
0.0040612221
0.0197424889
-0.0076997280
0.0158221722
0.0079815388
0.0079815388
0.0040612221
0.0197424889
0.0001409054
0.0040612221
0.0181317329
0.0078642368
0.0078642368
0.0044417381
-0.0126707554
0.0215542316
0.0078642368
-0.0126707554
0.0078642368
0.0010192394
0.0181317329
-0.0092482567
-0.0024032593
0.0078642368
0.0147092342
-0.0126707554
-0.0160932541
0.0044417381
0.0112867355
-0.0263607502
0.0078642368
0.0010192394
0.0112867355
0.0078642368
-0.0229382515
0.0147092342
-0.0058257580
-0.0092482567
-0.0297832489
0.0044417381
0.0010192394
0.0147092342
-0.0118632317
-0.0014090538
-0.0014090538
0.0055603981
-0.0083785057
-0.0083785057
0.0229840279
-0.0153479576
0.0160145760
-0.0153479576
-0.0014090538
-0.0048937797
0.0090451241
0.0194993019
0.0055603981
0.0160145760
-0.0083785057
-0.0292868614
-0.0083785057
-0.0014090538
0.0125298500
-0.0188326836
-0.0014090538
0.0160145760
-0.0048937797
0.0194993019
0.0194993019
-0.0083785057
-0.0014090538
-0.0048937797
-0.0083785057
-0.0153479576
0.0084285736
0.0048193932
0.0048193932
-0.0023989677
0.0012102127
-0.0168356895
-0.0168356895
0.0192561150
0.0048193932
-0.0096173286
-0.0312724113
0.0120377541
-0.0023989677
0.0156469345
-0.0096173286
-0.0023989677
-0.0060081482
-0.0096173286
-0.0096173286
-0.0060081482
0.0048193932
0.0192561150
0.0084285736
-0.0132265091
0.0012102127
-0.0060081482
-0.0132265091
0.0228652954
-0.0204448700
-0.0168356895
-0.0096173286
-0.0023989677
0.0000700951
0.0070395470
-0.0034146309
-0.0034146309
0.0000700951
0.0140089989
0.0000700951
0.0140089989
0.0105242729
-0.0138688087
0.0105242729
-0.0068993568
-0.0068993568
0.0140089989
0.0140089989
-0.0173535347
-0.0034146309
-0.0068993568
-0.0243229866
-0.0208382607
-0.0034146309
0.0000700951
0.0070395470
-0.0034146309
0.0174937248
-0.0173535347
0.0174937248
0.0035548210
0.0035548210
0.0174937248
0.0279479027
0.0000700951
0.0173478127
-0.0013203621
-0.0075430870
-0.0106544495
-0.0168771744
-0.0013203621
-0.0044317246
-0.0044317246
0.0111250877
-0.0106544495
0.0080137253
0.0235705376
0.0111250877
0.0049023628
-0.0075430870
0.0111250877
-0.0106544495
0.0049023628
0.0111250877
0.0080137253
-0.0075430870
-0.0075430870
-0.0075430870
-0.0106544495
0.0049023628
-0.0044317246
0.0297932625
-0.0168771744
0.0235705376
-0.0013203621
-0.0044317246
0.0111250877
